#    
    1.04740e-06     3.26412e-07     2.82344e-07     2.47154e-07     2.17181e-07     1.93552e-07     1.97028e-07     1.66039e-07     1.57235e-07     1.52025e-07     1.35673e-07     1.04191e-07     1.07531e-07     8.86830e-08     6.84220e-08     6.70297e-08     5.30878e-08     4.67220e-08     4.09484e-08     3.36744e-08     2.81450e-08     2.29039e-08     1.88950e-08     1.47176e-08     1.20291e-08     1.06877e-08     7.97653e-09     6.43673e-09     5.15006e-09     4.05201e-09     3.08910e-09     2.37508e-09     1.70240e-09     1.16795e-09     9.13981e-10     6.39273e-10     5.00206e-10     3.85267e-10     3.04894e-10     2.13364e-10     1.75389e-10     1.43086e-10     1.11232e-10     9.37294e-11     7.15946e-11     5.41870e-11     3.77571e-11     3.00809e-11     2.68187e-11     1.81899e-11     1.28463e-11     8.40774e-12     6.06952e-12     3.83944e-12     2.00824e-12     1.23065e-12     6.91469e-13     0.00000e+00 
    3.26412e-07     7.81700e-07     3.58527e-07     3.36944e-07     3.06177e-07     2.74187e-07     2.78996e-07     2.35218e-07     2.20646e-07     2.12622e-07     1.91467e-07     1.51050e-07     1.55311e-07     1.28672e-07     1.01319e-07     9.87599e-08     7.80759e-08     6.85942e-08     5.98222e-08     4.89555e-08     4.08397e-08     3.31684e-08     2.73320e-08     2.12726e-08     1.73602e-08     1.54148e-08     1.14803e-08     9.26283e-09     7.41248e-09     5.82987e-09     4.44252e-09     3.41459e-09     2.44706e-09     1.67859e-09     1.31352e-09     9.18720e-10     7.18683e-10     5.54145e-10     4.39023e-10     3.07626e-10     2.53189e-10     2.06850e-10     1.61012e-10     1.35880e-10     1.03941e-10     7.87980e-11     5.49896e-11     4.38855e-11     3.91829e-11     2.66162e-11     1.88482e-11     1.23815e-11     8.97223e-12     5.69898e-12     2.99259e-12     1.84005e-12     1.04025e-12     5.24722e-13 
    2.82344e-07     3.58527e-07     7.56900e-07     4.08858e-07     3.86827e-07     3.48871e-07     3.55009e-07     2.98513e-07     2.73803e-07     2.59940e-07     2.35712e-07     1.93570e-07     1.97576e-07     1.65105e-07     1.35174e-07     1.31198e-07     1.03900e-07     9.14483e-08     7.93247e-08     6.45067e-08     5.38133e-08     4.36657e-08     3.60240e-08     2.80921e-08     2.29084e-08     2.03802e-08     1.50855e-08     1.21979e-08     9.81449e-09     7.73014e-09     5.89275e-09     4.53324e-09     3.25093e-09     2.23128e-09     1.74742e-09     1.22250e-09     9.56833e-10     7.38300e-10     5.85461e-10     4.10514e-10     3.38141e-10     2.76415e-10     2.15321e-10     1.81828e-10     1.39169e-10     1.05547e-10     7.37008e-11     5.88416e-11     5.25734e-11     3.57431e-11     2.53271e-11     1.66463e-11     1.20674e-11     7.66602e-12     4.02748e-12     2.47901e-12     1.39941e-12     7.61814e-13 
    2.47154e-07     3.36944e-07     4.08858e-07     6.50000e-07     4.51327e-07     4.23072e-07     4.39529e-07     3.70187e-07     3.32790e-07     3.07854e-07     2.73548e-07     2.22781e-07     2.24395e-07     1.86587e-07     1.53200e-07     1.48346e-07     1.17414e-07     1.03319e-07     8.95415e-08     7.27570e-08     6.06882e-08     4.92349e-08     4.06173e-08     3.16731e-08     2.58257e-08     2.29742e-08     1.70058e-08     1.37507e-08     1.10629e-08     8.71337e-09     6.64312e-09     5.11122e-09     3.66632e-09     2.51722e-09     1.97207e-09     1.38063e-09     1.08168e-09     8.34643e-10     6.61803e-10     4.64096e-10     3.82258e-10     3.12521e-10     2.43428e-10     2.05591e-10     1.57357e-10     1.19372e-10     8.33581e-11     6.65711e-11     5.94730e-11     4.04181e-11     2.86461e-11     1.88430e-11     1.36726e-11     8.69662e-12     4.57263e-12     2.81593e-12     1.59549e-12     1.10256e-12 
    2.17181e-07     3.06177e-07     3.86827e-07     4.51327e-07     6.50000e-07     4.76118e-07     5.14549e-07     4.42603e-07     3.97346e-07     3.61226e-07     3.13184e-07     2.49183e-07     2.45803e-07     2.01643e-07     1.63995e-07     1.58191e-07     1.24960e-07     1.09851e-07     9.52403e-08     7.74603e-08     6.46191e-08     5.24398e-08     4.32562e-08     3.37189e-08     2.75022e-08     2.44543e-08     1.81402e-08     1.46610e-08     1.17746e-08     9.27050e-09     7.06886e-09     5.43860e-09     3.90151e-09     2.67947e-09     2.09961e-09     1.47099e-09     1.15363e-09     8.89879e-10     7.05280e-10     4.94368e-10     4.07019e-10     3.32635e-10     2.59002e-10     2.18628e-10     1.67297e-10     1.26872e-10     8.85636e-11     7.07021e-11     6.31422e-11     4.28879e-11     3.03744e-11     1.99625e-11     1.44723e-11     9.19665e-12     4.83212e-12     2.97486e-12     1.68276e-12     1.13135e-12 
    1.93552e-07     2.74187e-07     3.48871e-07     4.23072e-07     4.76118e-07     6.50000e-07     5.64086e-07     5.03667e-07     4.61149e-07     4.19666e-07     3.58722e-07     2.79219e-07     2.68529e-07     2.15801e-07     1.72550e-07     1.65131e-07     1.29867e-07     1.13911e-07     9.87964e-08     8.04653e-08     6.71446e-08     5.45221e-08     4.49743e-08     3.50469e-08     2.86021e-08     2.54198e-08     1.89153e-08     1.52793e-08     1.22422e-08     9.63427e-09     7.34780e-09     5.65283e-09     4.05557e-09     2.78611e-09     2.18353e-09     1.53108e-09     1.20201e-09     9.26882e-10     7.34200e-10     5.14384e-10     4.23278e-10     3.45770e-10     2.69106e-10     2.27011e-10     1.73664e-10     1.31656e-10     9.18615e-11     7.33046e-11     6.54359e-11     4.44117e-11     3.14265e-11     2.06336e-11     1.49444e-11     9.48743e-12     4.98108e-12     3.06513e-12     1.73136e-12     1.19323e-12 
    1.97028e-07     2.78996e-07     3.55009e-07     4.39529e-07     5.14549e-07     5.64086e-07     8.00000e-07     6.31280e-07     5.98524e-07     5.55128e-07     4.76002e-07     3.68119e-07     3.45413e-07     2.71049e-07     2.13065e-07     2.00892e-07     1.56672e-07     1.36822e-07     1.18454e-07     9.64510e-08     8.05006e-08     6.54006e-08     5.39712e-08     4.20710e-08     3.43556e-08     3.05380e-08     2.27620e-08     1.83889e-08     1.47222e-08     1.15865e-08     8.84012e-09     6.80249e-09     4.88192e-09     3.35533e-09     2.63062e-09     1.84611e-09     1.45091e-09     1.11864e-09     8.85820e-10     6.20426e-10     5.10366e-10     4.16787e-10     3.24271e-10     2.73416e-10     2.09119e-10     1.58492e-10     1.10545e-10     8.81837e-11     7.86852e-11     5.33673e-11     3.77340e-11     2.47523e-11     1.79111e-11     1.13604e-11     5.95979e-12     3.66555e-12     2.06797e-12     1.40308e-12 
    1.66039e-07     2.35218e-07     2.98513e-07     3.70187e-07     4.42603e-07     5.03667e-07     6.31280e-07     7.30000e-07     6.16160e-07     5.91151e-07     5.17669e-07     4.05106e-07     3.74687e-07     2.88058e-07     2.22907e-07     2.05703e-07     1.58197e-07     1.36991e-07     1.17981e-07     9.58115e-08     7.99301e-08     6.49425e-08     5.36248e-08     4.18313e-08     3.41775e-08     3.03997e-08     2.26642e-08     1.83217e-08     1.46778e-08     1.15569e-08     8.82170e-09     6.79137e-09     4.87616e-09     3.35310e-09     2.63017e-09     1.84710e-09     1.45307e-09     1.12037e-09     8.87153e-10     6.21320e-10     5.11048e-10     4.17297e-10     3.24622e-10     2.73643e-10     2.09269e-10     1.58581e-10     1.10582e-10     8.81932e-11     7.86716e-11     5.33324e-11     3.76871e-11     2.47035e-11     1.78623e-11     1.13204e-11     5.93475e-12     3.64851e-12     2.05622e-12     1.46638e-12 
    1.57235e-07     2.20646e-07     2.73803e-07     3.32790e-07     3.97346e-07     4.61149e-07     5.98524e-07     6.16160e-07     7.30000e-07     6.40852e-07     5.80340e-07     4.64860e-07     4.31031e-07     3.27790e-07     2.49316e-07     2.24617e-07     1.69297e-07     1.44441e-07     1.23301e-07     9.97136e-08     8.30169e-08     6.74195e-08     5.56688e-08     4.34299e-08     3.55098e-08     3.15884e-08     2.36079e-08     1.90869e-08     1.52722e-08     1.20253e-08     9.18392e-09     7.07216e-09     5.07973e-09     3.49504e-09     2.74266e-09     1.92810e-09     1.51868e-09     1.17089e-09     9.26871e-10     6.48976e-10     5.33622e-10     4.35625e-10     3.38771e-10     2.85426e-10     2.18247e-10     1.65354e-10     1.15263e-10     9.19000e-11     8.19405e-11     5.55015e-11     3.91879e-11     2.56633e-11     1.85393e-11     1.17392e-11     6.15003e-12     3.77879e-12     2.12752e-12     1.45805e-12 
    1.52025e-07     2.12622e-07     2.59940e-07     3.07854e-07     3.61226e-07     4.19666e-07     5.55128e-07     5.91151e-07     6.40852e-07     7.30000e-07     6.33257e-07     5.25475e-07     4.96283e-07     3.79018e-07     2.86665e-07     2.53118e-07     1.86615e-07     1.56056e-07     1.31280e-07     1.05246e-07     8.72019e-08     7.06702e-08     5.83077e-08     4.54801e-08     3.72083e-08     3.31053e-08     2.47973e-08     2.00539e-08     1.60306e-08     1.26244e-08     9.64708e-09     7.43152e-09     5.34037e-09     3.67668e-09     2.88664e-09     2.03157e-09     1.60229e-09     1.23540e-09     9.77733e-10     6.84498e-10     5.62692e-10     4.59292e-10     3.57087e-10     3.00730e-10     2.29932e-10     1.74193e-10     1.21387e-10     9.67639e-11     8.62394e-11     5.83627e-11     4.11779e-11     2.69449e-11     1.94499e-11     1.23074e-11     6.44429e-12     3.95757e-12     2.22703e-12     1.50860e-12 
    1.35673e-07     1.91467e-07     2.35712e-07     2.73548e-07     3.13184e-07     3.58722e-07     4.76002e-07     5.17669e-07     5.80340e-07     6.33257e-07     7.30000e-07     5.41595e-07     5.27109e-07     4.10502e-07     3.14428e-07     2.75042e-07     1.99377e-07     1.63318e-07     1.34655e-07     1.06327e-07     8.73137e-08     7.03932e-08     5.79548e-08     4.51816e-08     3.69576e-08     3.29035e-08     2.46316e-08     1.99379e-08     1.59608e-08     1.25788e-08     9.61794e-09     7.41390e-09     5.33103e-09     3.67263e-09     2.88537e-09     2.03219e-09     1.60436e-09     1.23737e-09     9.79522e-10     6.85881e-10     5.63910e-10     4.60340e-10     3.57929e-10     3.01431e-10     2.30484e-10     1.74617e-10     1.21676e-10     9.69901e-11     8.64296e-11     5.84727e-11     4.12402e-11     2.69715e-11     1.94577e-11     1.23047e-11     6.43959e-12     3.95329e-12     2.22275e-12     1.57917e-12 
    1.04191e-07     1.51050e-07     1.93570e-07     2.22781e-07     2.49183e-07     2.79219e-07     3.68119e-07     4.05106e-07     4.64860e-07     5.25475e-07     5.41595e-07     5.80000e-07     4.99043e-07     4.00795e-07     3.16637e-07     2.77721e-07     1.99798e-07     1.60921e-07     1.29511e-07     9.99286e-08     8.08602e-08     6.45053e-08     5.28527e-08     4.11477e-08     3.35876e-08     2.99450e-08     2.22559e-08     1.80511e-08     1.45470e-08     1.14867e-08     8.78717e-09     6.78175e-09     4.88084e-09     3.36459e-09     2.64604e-09     1.86340e-09     1.47154e-09     1.13568e-09     9.00005e-10     6.30716e-10     5.19017e-10     4.23947e-10     3.29858e-10     2.78047e-10     2.12648e-10     1.61136e-10     1.12335e-10     8.95677e-11     7.98572e-11     5.40780e-11     3.81620e-11     2.49700e-11     1.80184e-11     1.13943e-11     5.96104e-12     3.66023e-12     2.05796e-12     1.37911e-12 
    1.07531e-07     1.55311e-07     1.97576e-07     2.24395e-07     2.45803e-07     2.68529e-07     3.45413e-07     3.74687e-07     4.31031e-07     4.96283e-07     5.27109e-07     4.99043e-07     5.80000e-07     4.36479e-07     3.54971e-07     3.17223e-07     2.29555e-07     1.83580e-07     1.45519e-07     1.10315e-07     8.77468e-08     6.90865e-08     5.61009e-08     4.34303e-08     3.53735e-08     3.14867e-08     2.34638e-08     1.90250e-08     1.53009e-08     1.20814e-08     9.24814e-09     7.13996e-09     5.14129e-09     3.54673e-09     2.79079e-09     1.96802e-09     1.55654e-09     1.20146e-09     9.51943e-10     6.67055e-10     5.48804e-10     4.48247e-10     3.48697e-10     2.93789e-10     2.24705e-10     1.70280e-10     1.18679e-10     9.46159e-11     8.43220e-11     5.70451e-11     4.02257e-11     2.62970e-11     1.89596e-11     1.19805e-11     6.26527e-12     3.84509e-12     2.16002e-12     1.45928e-12 
    8.86830e-08     1.28672e-07     1.65105e-07     1.86587e-07     2.01643e-07     2.15801e-07     2.71049e-07     2.88058e-07     3.27790e-07     3.79018e-07     4.10502e-07     4.00795e-07     4.36479e-07     4.00000e-07     3.18979e-07     2.93241e-07     2.16128e-07     1.73813e-07     1.36849e-07     1.02231e-07     7.98971e-08     6.18570e-08     4.95896e-08     3.80549e-08     3.08339e-08     2.73752e-08     2.03674e-08     1.65110e-08     1.32843e-08     1.04935e-08     8.03692e-09     6.20847e-09     4.47327e-09     3.08799e-09     2.43146e-09     1.71608e-09     1.35871e-09     1.04913e-09     8.31480e-10     5.82774e-10     4.79559e-10     3.91758e-10     3.04802e-10     2.56803e-10     1.96454e-10     1.48889e-10     1.03773e-10     8.27335e-11     7.37292e-11     4.98664e-11     3.51529e-11     2.29684e-11     1.65491e-11     1.04500e-11     5.46244e-12     3.35147e-12     1.88006e-12     1.31284e-12 
    6.84220e-08     1.01319e-07     1.35174e-07     1.53200e-07     1.63995e-07     1.72550e-07     2.13065e-07     2.22907e-07     2.49316e-07     2.86665e-07     3.14428e-07     3.16637e-07     3.54971e-07     3.18979e-07     2.90000e-07     2.68120e-07     2.03117e-07     1.66158e-07     1.31040e-07     9.68423e-08     7.45153e-08     5.65522e-08     4.45820e-08     3.37908e-08     2.70835e-08     2.39539e-08     1.75756e-08     1.42495e-08     1.15568e-08     9.14489e-09     7.00316e-09     5.41613e-09     3.90519e-09     2.69661e-09     2.12532e-09     1.49842e-09     1.18571e-09     9.16155e-10     7.27183e-10     5.10232e-10     4.20418e-10     3.43730e-10     2.67717e-10     2.25933e-10     1.72871e-10     1.31043e-10     9.14156e-11     7.29151e-11     6.50528e-11     4.40980e-11     3.11342e-11     2.03764e-11     1.47017e-11     9.29143e-12     4.85638e-12     2.98287e-12     1.67584e-12     1.11095e-12 
    6.70297e-08     9.87599e-08     1.31198e-07     1.48346e-07     1.58191e-07     1.65131e-07     2.00892e-07     2.05703e-07     2.24617e-07     2.53118e-07     2.75042e-07     2.77721e-07     3.17223e-07     2.93241e-07     2.68120e-07     2.60000e-07     2.06735e-07     1.73590e-07     1.39243e-07     1.03576e-07     7.93299e-08     5.94698e-08     4.61483e-08     3.44317e-08     2.72735e-08     2.39090e-08     1.74824e-08     1.41242e-08     1.14185e-08     9.02740e-09     6.91441e-09     5.34875e-09     3.85854e-09     2.66641e-09     2.10288e-09     1.48458e-09     1.17656e-09     9.09356e-10     7.21801e-10     5.06508e-10     4.17348e-10     3.41257e-10     2.65791e-10     2.24255e-10     1.71625e-10     1.30123e-10     9.07672e-11     7.24014e-11     6.45795e-11     4.37463e-11     3.08715e-11     2.01924e-11     1.45600e-11     9.19689e-12     4.80607e-12     2.95117e-12     1.65688e-12     1.18832e-12 
    5.30878e-08     7.80759e-08     1.03900e-07     1.17414e-07     1.24960e-07     1.29867e-07     1.56672e-07     1.58197e-07     1.69297e-07     1.86615e-07     1.99377e-07     1.99798e-07     2.29555e-07     2.16128e-07     2.03117e-07     2.06735e-07     1.78100e-07     1.45043e-07     1.19251e-07     9.01207e-08     6.93922e-08     5.17733e-08     3.97100e-08     2.91805e-08     2.27854e-08     1.97423e-08     1.43105e-08     1.14949e-08     9.26294e-09     7.31117e-09     5.59685e-09     4.32970e-09     3.12452e-09     2.16047e-09     1.70502e-09     1.20483e-09     9.56003e-10     7.39167e-10     5.86889e-10     4.11960e-10     3.39529e-10     2.77700e-10     2.16336e-10     1.82550e-10     1.39743e-10     1.05976e-10     7.39328e-11     5.89828e-11     5.26124e-11     3.56336e-11     2.51447e-11     1.64442e-11     1.18546e-11     7.48623e-12     3.91179e-12     2.40210e-12     1.34827e-12     9.63401e-13 
    4.67220e-08     6.85942e-08     9.14483e-08     1.03319e-07     1.09851e-07     1.13911e-07     1.36822e-07     1.36991e-07     1.44441e-07     1.56056e-07     1.63318e-07     1.60921e-07     1.83580e-07     1.73813e-07     1.66158e-07     1.73590e-07     1.45043e-07     1.36000e-07     1.09931e-07     8.50934e-08     6.65522e-08     4.99382e-08     3.81774e-08     2.77686e-08     2.14015e-08     1.83051e-08     1.31162e-08     1.04458e-08     8.37377e-09     6.58776e-09     5.03480e-09     3.89261e-09     2.80895e-09     1.94291e-09     1.53412e-09     1.08489e-09     8.61692e-10     6.66528e-10     5.29412e-10     3.71753e-10     3.06493e-10     2.50764e-10     1.95410e-10     1.64927e-10     1.26293e-10     9.58040e-11     6.68506e-11     5.33451e-11     4.75896e-11     3.22310e-11     2.27458e-11     1.48755e-11     1.07230e-11     6.77107e-12     3.53832e-12     2.17305e-12     1.21958e-12     8.39454e-13 
    4.09484e-08     5.98222e-08     7.93247e-08     8.95415e-08     9.52403e-08     9.87964e-08     1.18454e-07     1.17981e-07     1.23301e-07     1.31280e-07     1.34655e-07     1.29511e-07     1.45519e-07     1.36849e-07     1.31040e-07     1.39243e-07     1.19251e-07     1.09931e-07     1.01000e-07     7.66098e-08     6.13277e-08     4.67378e-08     3.59531e-08     2.60800e-08     1.99448e-08     1.68570e-08     1.19792e-08     9.43480e-09     7.48219e-09     5.85148e-09     4.45970e-09     3.44223e-09     2.48257e-09     1.71776e-09     1.35689e-09     9.61361e-10     7.65169e-10     5.92176e-10     4.70348e-10     3.30342e-10     2.72348e-10     2.22885e-10     1.73692e-10     1.46525e-10     1.12266e-10     8.52094e-11     5.94546e-11     4.74553e-11     4.23178e-11     2.86190e-11     2.01815e-11     1.31837e-11     9.49263e-12     5.98910e-12     3.13052e-12     1.92114e-12     1.07625e-12     7.44683e-13 
    3.36744e-08     4.89555e-08     6.45067e-08     7.27570e-08     7.74603e-08     8.04653e-08     9.64510e-08     9.58115e-08     9.97136e-08     1.05246e-07     1.06327e-07     9.99286e-08     1.10315e-07     1.02231e-07     9.68423e-08     1.03576e-07     9.01207e-08     8.50934e-08     7.66098e-08     6.61000e-08     5.18015e-08     4.03666e-08     3.15020e-08     2.29810e-08     1.75613e-08     1.47255e-08     1.04092e-08     8.10120e-09     6.33629e-09     4.91391e-09     3.72855e-09     2.86925e-09     2.06647e-09     1.42993e-09     1.12976e-09     8.02493e-10     6.40566e-10     4.96072e-10     3.93961e-10     2.76750e-10     2.28142e-10     1.86769e-10     1.45547e-10     1.22678e-10     9.40764e-11     7.14632e-11     4.98571e-11     3.98102e-11     3.54755e-11     2.39346e-11     1.68570e-11     1.09909e-11     7.89825e-12     4.97605e-12     2.60238e-12     1.59467e-12     8.90257e-13     6.15450e-13 
    2.81450e-08     4.08397e-08     5.38133e-08     6.06882e-08     6.46191e-08     6.71446e-08     8.05006e-08     7.99301e-08     8.30169e-08     8.72019e-08     8.73137e-08     8.08602e-08     8.77468e-08     7.98971e-08     7.45153e-08     7.93299e-08     6.93922e-08     6.65522e-08     6.13277e-08     5.18015e-08     4.66000e-08     3.50325e-08     2.79077e-08     2.06410e-08     1.58734e-08     1.32951e-08     9.34839e-09     7.20177e-09     5.57035e-09     4.27843e-09     3.22398e-09     2.46934e-09     1.77305e-09     1.22512e-09     9.67337e-10     6.87803e-10     5.49877e-10     4.26056e-10     3.38437e-10     2.37856e-10     1.96142e-10     1.60661e-10     1.25247e-10     1.05554e-10     8.10123e-11     6.15894e-11     4.29796e-11     3.43374e-11     3.05951e-11     2.06195e-11     1.45175e-11     9.45767e-12     6.79002e-12     4.27503e-12     2.23742e-12     1.37001e-12     7.63094e-13     5.30270e-13 
    2.29039e-08     3.31684e-08     4.36657e-08     4.92349e-08     5.24398e-08     5.45221e-08     6.54006e-08     6.49425e-08     6.74195e-08     7.06702e-08     7.03932e-08     6.45053e-08     6.90865e-08     6.18570e-08     5.65522e-08     5.94698e-08     5.17733e-08     4.99382e-08     4.67378e-08     4.03666e-08     3.50325e-08     2.93000e-08     2.34787e-08     1.77129e-08     1.38113e-08     1.16398e-08     8.20098e-09     6.28091e-09     4.81115e-09     3.65923e-09     2.73528e-09     2.08202e-09     1.48804e-09     1.02540e-09     8.08307e-10     5.75158e-10     4.60544e-10     3.56966e-10     2.83572e-10     1.99389e-10     1.64470e-10     1.34808e-10     1.05136e-10     8.85791e-11     6.80603e-11     5.18000e-11     3.61591e-11     2.89097e-11     2.57530e-11     1.73279e-11     1.21936e-11     7.93361e-12     5.68763e-12     3.57747e-12     1.87457e-12     1.14635e-12     6.36168e-13     4.38036e-13 
    1.88950e-08     2.73320e-08     3.60240e-08     4.06173e-08     4.32562e-08     4.49743e-08     5.39712e-08     5.36248e-08     5.56688e-08     5.83077e-08     5.79548e-08     5.28527e-08     5.61009e-08     4.95896e-08     4.45820e-08     4.61483e-08     3.97100e-08     3.81774e-08     3.59531e-08     3.15020e-08     2.79077e-08     2.34787e-08     2.00000e-08     1.51612e-08     1.20424e-08     1.02760e-08     7.28778e-09     5.57946e-09     4.25497e-09     3.21061e-09     2.37982e-09     1.79846e-09     1.27722e-09     8.76012e-10     6.88333e-10     4.89298e-10     3.91899e-10     3.03660e-10     2.41203e-10     1.69671e-10     1.40015e-10     1.14850e-10     8.96218e-11     7.55191e-11     5.80881e-11     4.42602e-11     3.09120e-11     2.47364e-11     2.20375e-11     1.48144e-11     1.04258e-11     6.78039e-12     4.85778e-12     3.05475e-12     1.60310e-12     9.79620e-13     5.42449e-13     3.71495e-13 
    1.47176e-08     2.12726e-08     2.80921e-08     3.16731e-08     3.37189e-08     3.50469e-08     4.20710e-08     4.18313e-08     4.34299e-08     4.54801e-08     4.51816e-08     4.11477e-08     4.34303e-08     3.80549e-08     3.37908e-08     3.44317e-08     2.91805e-08     2.77686e-08     2.60800e-08     2.29810e-08     2.06410e-08     1.77129e-08     1.51612e-08     1.25000e-08     9.72771e-09     8.44712e-09     6.06216e-09     4.66889e-09     3.56679e-09     2.68033e-09     1.97314e-09     1.48083e-09     1.04384e-09     7.11278e-10     5.56047e-10     3.94046e-10     3.15176e-10     2.43838e-10     1.93553e-10     1.36160e-10     1.12398e-10     9.22573e-11     7.20382e-11     6.07225e-11     4.67552e-11     3.56626e-11     2.49234e-11     1.99619e-11     1.77898e-11     1.19546e-11     8.41664e-12     5.47281e-12     3.91936e-12     2.46422e-12     1.29516e-12     7.91097e-13     4.36947e-13     3.02222e-13 
    1.20291e-08     1.73602e-08     2.29084e-08     2.58257e-08     2.75022e-08     2.86021e-08     3.43556e-08     3.41775e-08     3.55098e-08     3.72083e-08     3.69576e-08     3.35876e-08     3.53735e-08     3.08339e-08     2.70835e-08     2.72735e-08     2.27854e-08     2.14015e-08     1.99448e-08     1.75613e-08     1.58734e-08     1.38113e-08     1.20424e-08     9.72771e-09     8.50000e-09     7.14887e-09     5.23101e-09     4.07602e-09     3.13062e-09     2.35498e-09     1.72956e-09     1.29241e-09     9.05403e-10     6.13122e-10     4.76508e-10     3.36737e-10     2.69101e-10     2.07665e-10     1.64545e-10     1.15705e-10     9.55024e-11     7.84465e-11     6.12894e-11     5.16452e-11     3.98360e-11     3.04398e-11     2.12873e-11     1.70723e-11     1.52129e-11     1.02011e-11     7.17950e-12     4.66055e-12     3.33083e-12     2.09146e-12     1.10217e-12     6.71805e-13     3.68507e-13     2.53501e-13 
    1.06877e-08     1.54148e-08     2.03802e-08     2.29742e-08     2.44543e-08     2.54198e-08     3.05380e-08     3.03997e-08     3.15884e-08     3.31053e-08     3.29035e-08     2.99450e-08     3.14867e-08     2.73752e-08     2.39539e-08     2.39090e-08     1.97423e-08     1.83051e-08     1.68570e-08     1.47255e-08     1.32951e-08     1.16398e-08     1.02760e-08     8.44712e-09     7.14887e-09     6.50000e-09     4.81005e-09     3.80544e-09     2.95921e-09     2.24020e-09     1.64764e-09     1.22987e-09     8.57650e-10     5.77038e-10     4.45351e-10     3.12775e-10     2.48865e-10     1.91069e-10     1.50918e-10     1.05956e-10     8.74051e-11     7.18072e-11     5.61279e-11     4.73139e-11     3.65332e-11     2.79475e-11     1.95602e-11     1.57035e-11     1.40009e-11     9.38839e-12     6.61287e-12     4.29357e-12     3.06822e-12     1.92680e-12     1.01751e-12     6.20079e-13     3.39190e-13     2.32271e-13 
    7.97653e-09     1.14803e-08     1.50855e-08     1.70058e-08     1.81402e-08     1.89153e-08     2.27620e-08     2.26642e-08     2.36079e-08     2.47973e-08     2.46316e-08     2.22559e-08     2.34638e-08     2.03674e-08     1.75756e-08     1.74824e-08     1.43105e-08     1.31162e-08     1.19792e-08     1.04092e-08     9.34839e-09     8.20098e-09     7.28778e-09     6.06216e-09     5.23101e-09     4.81005e-09     3.70000e-09     2.98914e-09     2.34228e-09     1.79437e-09     1.33418e-09     1.00179e-09     7.00581e-10     4.71831e-10     3.63252e-10     2.55875e-10     2.04384e-10     1.56435e-10     1.23059e-10     8.62913e-11     7.11061e-11     5.85062e-11     4.57705e-11     3.84931e-11     2.98755e-11     2.29753e-11     1.61015e-11     1.29747e-11     1.15542e-11     7.68445e-12     5.40038e-12     3.48208e-12     2.46823e-12     1.54177e-12     8.21545e-13     4.96208e-13     2.64086e-13     1.80387e-13 
    6.43673e-09     9.26283e-09     1.21979e-08     1.37507e-08     1.46610e-08     1.52793e-08     1.83889e-08     1.83217e-08     1.90869e-08     2.00539e-08     1.99379e-08     1.80511e-08     1.90250e-08     1.65110e-08     1.42495e-08     1.41242e-08     1.14949e-08     1.04458e-08     9.43480e-09     8.10120e-09     7.20177e-09     6.28091e-09     5.57946e-09     4.66889e-09     4.07602e-09     3.80544e-09     2.98914e-09     2.60000e-09     1.95870e-09     1.52381e-09     1.14648e-09     8.68472e-10     6.10077e-10     4.11066e-10     3.15527e-10     2.21222e-10     1.75924e-10     1.33551e-10     1.04385e-10     7.28920e-11     5.99180e-11     4.92627e-11     3.85394e-11     3.24108e-11     2.51973e-11     1.94156e-11     1.36246e-11     1.09993e-11     9.80336e-12     6.51765e-12     4.58674e-12     2.95756e-12     2.09528e-12     1.30892e-12     7.00779e-13     4.22860e-13     2.23384e-13     1.56051e-13 
    5.15006e-09     7.41248e-09     9.81449e-09     1.10629e-08     1.17746e-08     1.22422e-08     1.47222e-08     1.46778e-08     1.52722e-08     1.60306e-08     1.59608e-08     1.45470e-08     1.53009e-08     1.32843e-08     1.15568e-08     1.14185e-08     9.26294e-09     8.37377e-09     7.48219e-09     6.33629e-09     5.57035e-09     4.81115e-09     4.25497e-09     3.56679e-09     3.13062e-09     2.95921e-09     2.34228e-09     1.95870e-09     1.70000e-09     1.26671e-09     9.65189e-10     7.39564e-10     5.22957e-10     3.52802e-10     2.70118e-10     1.87617e-10     1.47709e-10     1.10531e-10     8.54473e-11     5.91302e-11     4.83222e-11     3.95547e-11     3.08768e-11     2.59816e-11     2.01595e-11     1.55123e-11     1.08911e-11     8.79060e-12     7.84788e-12     5.24232e-12     3.70049e-12     2.39737e-12     1.70668e-12     1.07024e-12     5.72686e-13     3.47396e-13     1.85688e-13     1.26720e-13 
    4.05201e-09     5.82987e-09     7.73014e-09     8.71337e-09     9.27050e-09     9.63427e-09     1.15865e-08     1.15569e-08     1.20253e-08     1.26244e-08     1.25788e-08     1.14867e-08     1.20814e-08     1.04935e-08     9.14489e-09     9.02740e-09     7.31117e-09     6.58776e-09     5.85148e-09     4.91391e-09     4.27843e-09     3.65923e-09     3.21061e-09     2.68033e-09     2.35498e-09     2.24020e-09     1.79437e-09     1.52381e-09     1.26671e-09     1.07300e-09     7.92162e-10     6.16961e-10     4.42223e-10     3.01273e-10     2.31859e-10     1.61173e-10     1.26725e-10     9.38281e-11     7.17563e-11     4.91827e-11     3.98957e-11     3.24938e-11     2.52875e-11     2.12404e-11     1.64801e-11     1.26908e-11     8.91731e-12     7.20728e-12     6.43991e-12     4.30322e-12     3.04261e-12     1.97267e-12     1.40476e-12     8.81546e-13     4.73730e-13     2.87463e-13     1.52984e-13     1.05336e-13 
    3.08910e-09     4.44252e-09     5.89275e-09     6.64312e-09     7.06886e-09     7.34780e-09     8.84012e-09     8.82170e-09     9.18392e-09     9.64708e-09     9.61794e-09     8.78717e-09     9.24814e-09     8.03692e-09     7.00316e-09     6.91441e-09     5.59685e-09     5.03480e-09     4.45970e-09     3.72855e-09     3.22398e-09     2.73528e-09     2.37982e-09     1.97314e-09     1.72956e-09     1.64764e-09     1.33418e-09     1.14648e-09     9.65189e-10     7.92162e-10     6.61000e-10     4.96699e-10     3.62331e-10     2.50644e-10     1.95025e-10     1.36636e-10     1.07998e-10     7.94160e-11     6.01546e-11     4.08273e-11     3.28256e-11     2.65650e-11     2.05807e-11     1.72247e-11     1.33674e-11     1.03089e-11     7.24999e-12     5.87258e-12     5.25078e-12     3.50375e-12     2.48120e-12     1.60789e-12     1.14353e-12     7.17527e-13     3.88508e-13     2.35406e-13     1.23840e-13     8.47499e-14 
    2.37508e-09     3.41459e-09     4.53324e-09     5.11122e-09     5.43860e-09     5.65283e-09     6.80249e-09     6.79137e-09     7.07216e-09     7.43152e-09     7.41390e-09     6.78175e-09     7.13996e-09     6.20847e-09     5.41613e-09     5.34875e-09     4.32970e-09     3.89261e-09     3.44223e-09     2.86925e-09     2.46934e-09     2.08202e-09     1.79846e-09     1.48083e-09     1.29241e-09     1.22987e-09     1.00179e-09     8.68472e-10     7.39564e-10     6.16961e-10     4.96699e-10     4.25000e-10     2.98885e-10     2.10528e-10     1.66220e-10     1.17740e-10     9.38352e-11     6.86356e-11     5.15013e-11     3.45492e-11     2.74532e-11     2.19952e-11     1.69074e-11     1.40670e-11     1.08907e-11     8.39478e-12     5.90342e-12     4.78823e-12     4.28391e-12     2.85727e-12     2.02742e-12     1.31455e-12     9.34806e-13     5.87017e-13     3.20076e-13     1.93953e-13     1.01218e-13     7.02510e-14 
    1.70240e-09     2.44706e-09     3.25093e-09     3.66632e-09     3.90151e-09     4.05557e-09     4.88192e-09     4.87616e-09     5.07973e-09     5.34037e-09     5.33103e-09     4.88084e-09     5.14129e-09     4.47327e-09     3.90519e-09     3.85854e-09     3.12452e-09     2.80895e-09     2.48257e-09     2.06647e-09     1.77305e-09     1.48804e-09     1.27722e-09     1.04384e-09     9.05403e-10     8.57650e-10     7.00581e-10     6.10077e-10     5.22957e-10     4.42223e-10     3.62331e-10     2.98885e-10     2.41000e-10     1.63491e-10     1.31614e-10     9.48379e-11     7.67107e-11     5.61776e-11     4.19614e-11     2.78982e-11     2.19168e-11     1.73608e-11     1.32099e-11     1.08976e-11     8.40003e-12     6.46348e-12     4.54053e-12     3.68679e-12     3.29940e-12     2.19819e-12     1.56347e-12     1.01454e-12     7.21530e-13     4.53725e-13     2.49697e-13     1.51322e-13     7.82634e-14     5.38295e-14 
    1.16795e-09     1.67859e-09     2.23128e-09     2.51722e-09     2.67947e-09     2.78611e-09     3.35533e-09     3.35310e-09     3.49504e-09     3.67668e-09     3.67263e-09     3.36459e-09     3.54673e-09     3.08799e-09     2.69661e-09     2.66641e-09     2.16047e-09     1.94291e-09     1.71776e-09     1.42993e-09     1.22512e-09     1.02540e-09     8.76012e-10     7.11278e-10     6.13122e-10     5.77038e-10     4.71831e-10     4.11066e-10     3.52802e-10     3.01273e-10     2.50644e-10     2.10528e-10     1.63491e-10     1.30000e-10     9.92412e-11     7.31148e-11     6.03769e-11     4.45818e-11     3.33631e-11     2.20927e-11     1.72069e-11     1.34824e-11     1.01422e-11     8.27582e-12     6.33645e-12     4.85742e-12     3.40338e-12     2.76411e-12     2.47281e-12     1.64424e-12     1.17240e-12     7.61206e-13     5.41229e-13     3.40811e-13     1.89735e-13     1.14995e-13     5.87209e-14     4.06970e-14 
    9.13981e-10     1.31352e-09     1.74742e-09     1.97207e-09     2.09961e-09     2.18353e-09     2.63062e-09     2.63017e-09     2.74266e-09     2.88664e-09     2.88537e-09     2.64604e-09     2.79079e-09     2.43146e-09     2.12532e-09     2.10288e-09     1.70502e-09     1.53412e-09     1.35689e-09     1.12976e-09     9.67337e-10     8.08307e-10     6.88333e-10     5.56047e-10     4.76508e-10     4.45351e-10     3.63252e-10     3.15527e-10     2.70118e-10     2.31859e-10     1.95025e-10     1.66220e-10     1.31614e-10     9.92412e-11     9.00000e-11     6.31636e-11     5.34088e-11     3.99830e-11     3.01654e-11     2.00102e-11     1.55211e-11     1.20567e-11     8.96832e-12     7.23055e-12     5.48164e-12     4.17231e-12     2.90818e-12     2.35706e-12     2.10538e-12     1.39665e-12     9.98065e-13     6.48854e-13     4.61709e-13     2.91398e-13     1.64049e-13     9.95788e-14     5.03984e-14     3.40678e-14 
    6.39273e-10     9.18720e-10     1.22250e-09     1.38063e-09     1.47099e-09     1.53108e-09     1.84611e-09     1.84710e-09     1.92810e-09     2.03157e-09     2.03219e-09     1.86340e-09     1.96802e-09     1.71608e-09     1.49842e-09     1.48458e-09     1.20483e-09     1.08489e-09     9.61361e-10     8.02493e-10     6.87803e-10     5.75158e-10     4.89298e-10     3.94046e-10     3.36737e-10     3.12775e-10     2.55875e-10     2.21222e-10     1.87617e-10     1.61173e-10     1.36636e-10     1.17740e-10     9.48379e-11     7.31148e-11     6.31636e-11     5.30000e-11     4.26082e-11     3.25523e-11     2.49418e-11     1.67146e-11     1.30157e-11     1.00966e-11     7.46438e-12     5.95933e-12     4.48174e-12     3.38995e-12     2.34908e-12     1.90032e-12     1.69307e-12     1.11733e-12     8.00540e-13     5.20901e-13     3.70740e-13     2.34716e-13     1.34574e-13     8.17418e-14     4.06966e-14     2.77955e-14 
    5.00206e-10     7.18683e-10     9.56833e-10     1.08168e-09     1.15363e-09     1.20201e-09     1.45091e-09     1.45307e-09     1.51868e-09     1.60229e-09     1.60436e-09     1.47154e-09     1.55654e-09     1.35871e-09     1.18571e-09     1.17656e-09     9.56003e-10     8.61692e-10     7.65169e-10     6.40566e-10     5.49877e-10     4.60544e-10     3.91899e-10     3.15176e-10     2.69101e-10     2.48865e-10     2.04384e-10     1.75924e-10     1.47709e-10     1.26725e-10     1.07998e-10     9.38352e-11     7.67107e-11     6.03769e-11     5.34088e-11     4.26082e-11     4.00000e-11     2.98272e-11     2.33006e-11     1.58478e-11     1.24515e-11     9.68762e-12     7.14156e-12     5.65715e-12     4.21578e-12     3.16047e-12     2.17120e-12     1.74741e-12     1.54944e-12     1.01545e-12     7.28361e-13     4.74409e-13     3.37964e-13     2.14791e-13     1.25418e-13     7.63638e-14     3.75224e-14     2.47351e-14 
    3.85267e-10     5.54145e-10     7.38300e-10     8.34643e-10     8.89879e-10     9.26882e-10     1.11864e-09     1.12037e-09     1.17089e-09     1.23540e-09     1.23737e-09     1.13568e-09     1.20146e-09     1.04913e-09     9.16155e-10     9.09356e-10     7.39167e-10     6.66528e-10     5.92176e-10     4.96072e-10     4.26056e-10     3.56966e-10     3.03660e-10     2.43838e-10     2.07665e-10     1.91069e-10     1.56435e-10     1.33551e-10     1.10531e-10     9.38281e-11     7.94160e-11     6.86356e-11     5.61776e-11     4.45818e-11     3.99830e-11     3.25523e-11     2.98272e-11     2.90000e-11     1.91156e-11     1.32816e-11     1.06185e-11     8.36645e-12     6.21215e-12     4.92995e-12     3.66516e-12     2.73436e-12     1.86678e-12     1.49473e-12     1.31907e-12     8.58983e-13     6.16174e-13     4.02074e-13     2.87214e-13     1.83517e-13     1.08875e-13     6.65527e-14     3.25184e-14     2.21723e-14 
    3.04894e-10     4.39023e-10     5.85461e-10     6.61803e-10     7.05280e-10     7.34200e-10     8.85820e-10     8.87153e-10     9.26871e-10     9.77733e-10     9.79522e-10     9.00005e-10     9.51943e-10     8.31480e-10     7.27183e-10     7.21801e-10     5.86889e-10     5.29412e-10     4.70348e-10     3.93961e-10     3.38437e-10     2.83572e-10     2.41203e-10     1.93553e-10     1.64545e-10     1.50918e-10     1.23059e-10     1.04385e-10     8.54473e-11     7.17563e-11     6.01546e-11     5.15013e-11     4.19614e-11     3.33631e-11     3.01654e-11     2.49418e-11     2.33006e-11     1.91156e-11     2.00000e-11     1.11254e-11     9.07471e-12     7.26582e-12     5.45622e-12     4.35709e-12     3.24062e-12     2.40884e-12     1.63486e-12     1.30039e-12     1.14055e-12     7.36864e-13     5.26989e-13     3.44146e-13     2.46511e-13     1.58346e-13     9.52533e-14     5.85296e-14     2.85556e-14     1.84468e-14 
    2.13364e-10     3.07626e-10     4.10514e-10     4.64096e-10     4.94368e-10     5.14384e-10     6.20426e-10     6.21320e-10     6.48976e-10     6.84498e-10     6.85881e-10     6.30716e-10     6.67055e-10     5.82774e-10     5.10232e-10     5.06508e-10     4.11960e-10     3.71753e-10     3.30342e-10     2.76750e-10     2.37856e-10     1.99389e-10     1.69671e-10     1.36160e-10     1.15705e-10     1.05956e-10     8.62913e-11     7.28920e-11     5.91302e-11     4.91827e-11     4.08273e-11     3.45492e-11     2.78982e-11     2.20927e-11     2.00102e-11     1.67146e-11     1.58478e-11     1.32816e-11     1.11254e-11     1.30000e-11     6.75296e-12     5.51615e-12     4.21007e-12     3.40214e-12     2.54678e-12     1.89653e-12     1.28457e-12     1.01753e-12     8.87659e-13     5.68533e-13     4.04754e-13     2.64397e-13     1.90007e-13     1.22882e-13     7.50639e-14     4.64013e-14     2.27089e-14     1.51864e-14 
    1.75389e-10     2.53189e-10     3.38141e-10     3.82258e-10     4.07019e-10     4.23278e-10     5.10366e-10     5.11048e-10     5.33622e-10     5.62692e-10     5.63910e-10     5.19017e-10     5.48804e-10     4.79559e-10     4.20418e-10     4.17348e-10     3.39529e-10     3.06493e-10     2.72348e-10     2.28142e-10     1.96142e-10     1.64470e-10     1.40015e-10     1.12398e-10     9.55024e-11     8.74051e-11     7.11061e-11     5.99180e-11     4.83222e-11     3.98957e-11     3.28256e-11     2.74532e-11     2.19168e-11     1.72069e-11     1.55211e-11     1.30157e-11     1.24515e-11     1.06185e-11     9.07471e-12     6.75296e-12     8.32000e-12     4.80682e-12     3.73881e-12     3.06825e-12     2.32150e-12     1.73864e-12     1.17931e-12     9.32037e-13     8.09663e-13     5.14287e-13     3.63445e-13     2.36866e-13     1.70502e-13     1.10883e-13     6.87201e-14     4.27578e-14     2.09672e-14     1.28821e-14 
    1.43086e-10     2.06850e-10     2.76415e-10     3.12521e-10     3.32635e-10     3.45770e-10     4.16787e-10     4.17297e-10     4.35625e-10     4.59292e-10     4.60340e-10     4.23947e-10     4.48247e-10     3.91758e-10     3.43730e-10     3.41257e-10     2.77700e-10     2.50764e-10     2.22885e-10     1.86769e-10     1.60661e-10     1.34808e-10     1.14850e-10     9.22573e-11     7.84465e-11     7.18072e-11     5.85062e-11     4.92627e-11     3.95547e-11     3.24938e-11     2.65650e-11     2.19952e-11     1.73608e-11     1.34824e-11     1.20567e-11     1.00966e-11     9.68762e-12     8.36645e-12     7.26582e-12     5.51615e-12     4.80682e-12     5.96000e-12     3.25791e-12     2.72383e-12     2.09359e-12     1.58611e-12     1.08328e-12     8.58587e-13     7.45362e-13     4.70843e-13     3.30484e-13     2.14736e-13     1.54778e-13     1.01295e-13     6.37797e-14     3.99675e-14     1.96965e-14     1.23897e-14 
    1.11232e-10     1.61012e-10     2.15321e-10     2.43428e-10     2.59002e-10     2.69106e-10     3.24271e-10     3.24622e-10     3.38771e-10     3.57087e-10     3.57929e-10     3.29858e-10     3.48697e-10     3.04802e-10     2.67717e-10     2.65791e-10     2.16336e-10     1.95410e-10     1.73692e-10     1.45547e-10     1.25247e-10     1.05136e-10     8.96218e-11     7.20382e-11     6.12894e-11     5.61279e-11     4.57705e-11     3.85394e-11     3.08768e-11     2.52875e-11     2.05807e-11     1.69074e-11     1.32099e-11     1.01422e-11     8.96832e-12     7.46438e-12     7.14156e-12     6.21215e-12     5.45622e-12     4.21007e-12     3.73881e-12     3.25791e-12     4.25000e-12     2.25364e-12     1.76394e-12     1.35588e-12     9.35703e-13     7.46068e-13     6.49177e-13     4.09186e-13     2.85149e-13     1.84279e-13     1.32698e-13     8.72404e-14     5.57473e-14     3.52005e-14     1.74172e-14     1.11733e-14 
