#    
    1.85101e-07     2.46741e-07     3.15272e-07     3.75355e-07     4.30359e-07     4.74734e-07     4.96223e-07     5.10306e-07     4.94733e-07     4.72475e-07     4.35862e-07     3.93531e-07     3.48990e-07     3.04003e-07     2.60674e-07     2.21768e-07     1.85812e-07     1.55376e-07     1.28982e-07     1.06577e-07     8.81062e-08     7.22758e-08     5.93379e-08     4.85481e-08     3.97368e-08     3.26358e-08     2.66781e-08     2.17365e-08     1.76366e-08     1.43164e-08     1.16280e-08     9.42837e-09     7.63111e-09     6.16146e-09     4.98092e-09     4.03196e-09     3.26625e-09     2.64575e-09     2.14016e-09     1.73103e-09     1.39978e-09     1.13323e-09     9.16859e-10     7.41814e-10     6.00757e-10     4.86038e-10     3.92766e-10     3.17195e-10     2.56052e-10     1.85607e-10     1.19608e-10     7.67278e-11     4.81959e-11     2.89842e-11     1.67846e-11     9.91631e-12     5.15890e-12     1.74935e-12 
    2.46741e-07     3.29082e-07     4.20709e-07     5.01130e-07     5.74849e-07     6.34443e-07     6.63501e-07     6.82711e-07     6.62246e-07     6.32843e-07     5.84158e-07     5.27762e-07     4.68331e-07     4.08219e-07     3.50256e-07     2.98171e-07     2.49954e-07     2.09125e-07     1.73686e-07     1.43579e-07     1.18749e-07     9.74547e-08     8.00435e-08     6.55174e-08     5.36500e-08     4.40820e-08     3.60506e-08     2.93857e-08     2.38530e-08     1.93699e-08     1.57379e-08     1.27637e-08     1.03329e-08     8.34443e-09     6.74601e-09     5.46106e-09     4.42416e-09     3.58376e-09     2.89898e-09     2.34482e-09     1.89614e-09     1.53508e-09     1.24200e-09     1.00489e-09     8.13818e-10     6.58419e-10     5.32072e-10     4.29701e-10     3.46873e-10     2.51445e-10     1.62036e-10     1.03947e-10     6.52939e-11     3.92670e-11     2.27395e-11     1.34346e-11     6.98936e-12     2.37009e-12 
    3.15272e-07     4.20709e-07     5.38147e-07     6.41368e-07     7.36137e-07     8.12939e-07     8.50719e-07     8.75964e-07     8.50336e-07     8.13250e-07     7.51310e-07     6.79376e-07     6.03416e-07     5.26440e-07     4.52096e-07     3.85221e-07     3.23169e-07     2.70594e-07     2.24897e-07     1.86025e-07     1.53953e-07     1.26412e-07     1.03880e-07     8.50714e-08     6.96954e-08     5.72915e-08     4.68741e-08     3.82246e-08     3.10399e-08     2.52153e-08     2.04938e-08     1.66242e-08     1.34611e-08     1.08723e-08     8.79015e-09     7.11622e-09     5.76530e-09     4.67025e-09     3.77792e-09     3.05579e-09     2.47109e-09     2.00058e-09     1.61865e-09     1.30965e-09     1.06064e-09     8.58115e-10     6.93453e-10     5.60037e-10     4.52089e-10     3.27718e-10     2.11191e-10     1.35481e-10     8.51031e-11     5.11806e-11     2.96390e-11     1.75110e-11     9.11021e-12     3.08932e-12 
    3.75355e-07     5.01130e-07     6.41368e-07     7.64979e-07     8.78800e-07     9.71488e-07     1.01794e-06     1.04962e-06     1.02060e-06     9.77892e-07     9.05174e-07     8.20244e-07     7.30145e-07     6.38435e-07     5.49530e-07     4.69344e-07     3.94509e-07     3.31005e-07     2.75595e-07     2.28294e-07     1.89223e-07     1.55527e-07     1.27922e-07     1.04846e-07     8.59473e-08     7.06830e-08     5.78538e-08     4.71944e-08     3.83328e-08     3.11463e-08     2.53187e-08     2.05402e-08     1.66336e-08     1.34359e-08     1.08630e-08     8.79455e-09     7.12518e-09     5.77191e-09     4.66913e-09     3.77668e-09     3.05407e-09     2.47257e-09     2.00054e-09     1.61865e-09     1.31089e-09     1.06059e-09     8.57082e-10     6.92188e-10     5.58771e-10     4.05053e-10     2.61030e-10     1.67454e-10     1.05188e-10     6.32600e-11     3.66345e-11     2.16441e-11     1.12605e-11     3.81854e-12 
    4.30359e-07     5.74849e-07     7.36137e-07     8.78800e-07     1.01063e-06     1.11862e-06     1.17396e-06     1.21260e-06     1.18151e-06     1.13467e-06     1.05285e-06     9.56587e-07     8.53851e-07     7.48687e-07     6.46253e-07     5.53554e-07     4.66409e-07     3.92314e-07     3.27345e-07     2.71639e-07     2.25563e-07     1.85608e-07     1.52824e-07     1.25372e-07     1.02837e-07     8.46110e-08     6.92800e-08     5.65327e-08     4.59258e-08     3.73216e-08     3.03424e-08     2.46172e-08     1.99365e-08     1.61045e-08     1.30208e-08     1.05417e-08     8.54077e-09     6.91869e-09     5.59685e-09     4.52709e-09     3.66093e-09     2.96390e-09     2.39808e-09     1.94031e-09     1.57140e-09     1.27136e-09     1.02741e-09     8.29752e-10     6.69821e-10     4.85556e-10     3.12910e-10     2.00737e-10     1.26095e-10     7.58340e-11     4.39164e-11     2.59465e-11     1.34989e-11     4.57763e-12 
    4.74734e-07     6.34443e-07     8.12939e-07     9.71488e-07     1.11862e-06     1.23995e-06     1.30377e-06     1.34946e-06     1.31811e-06     1.26935e-06     1.18123e-06     1.07660e-06     9.64106e-07     8.48145e-07     7.34535e-07     6.31301e-07     5.33399e-07     4.49963e-07     3.76376e-07     3.12952e-07     2.60408e-07     2.14554e-07     1.76859e-07     1.45233e-07     1.19206e-07     9.81211e-08     8.03706e-08     6.56006e-08     5.32986e-08     4.33177e-08     3.52201e-08     2.85752e-08     2.31425e-08     1.86947e-08     1.51151e-08     1.22373e-08     9.91457e-09     8.03160e-09     6.49714e-09     5.25532e-09     4.24983e-09     3.44068e-09     2.78385e-09     2.25244e-09     1.82419e-09     1.47589e-09     1.19270e-09     9.63238e-10     7.77579e-10     5.63671e-10     3.63250e-10     2.33032e-10     1.46382e-10     8.80346e-11     5.09820e-11     3.01210e-11     1.56708e-11     5.31415e-12 
    4.96223e-07     6.63501e-07     8.50719e-07     1.01794e-06     1.17396e-06     1.30377e-06     1.37430e-06     1.42634e-06     1.39779e-06     1.35097e-06     1.26200e-06     1.15497e-06     1.03868e-06     9.17655e-07     7.98147e-07     6.88949e-07     5.84180e-07     4.94614e-07     4.15011e-07     3.45937e-07     2.88594e-07     2.38139e-07     1.96566e-07     1.61601e-07     1.32733e-07     1.09302e-07     8.95573e-08     7.31146e-08     5.94048e-08     4.82809e-08     3.92553e-08     3.18479e-08     2.57918e-08     2.08341e-08     1.68447e-08     1.36373e-08     1.10488e-08     8.95034e-09     7.24032e-09     5.85643e-09     4.73591e-09     3.83420e-09     3.10223e-09     2.51004e-09     2.03281e-09     1.64467e-09     1.32909e-09     1.07339e-09     8.66495e-10     6.28124e-10     4.04785e-10     2.59676e-10     1.63119e-10     9.80997e-11     5.68107e-11     3.35646e-11     1.74623e-11     5.92165e-12 
    5.10306e-07     6.82711e-07     8.75964e-07     1.04962e-06     1.21260e-06     1.34946e-06     1.42634e-06     1.48470e-06     1.46013e-06     1.41670e-06     1.32877e-06     1.22135e-06     1.10325e-06     9.79012e-07     8.55259e-07     7.41503e-07     6.30999e-07     5.36221e-07     4.51312e-07     3.77121e-07     3.15405e-07     2.60649e-07     2.15430e-07     1.77307e-07     1.45731e-07     1.20054e-07     9.83971e-08     8.03476e-08     6.52825e-08     5.30583e-08     4.31392e-08     3.49973e-08     2.83412e-08     2.28926e-08     1.85087e-08     1.49843e-08     1.21399e-08     9.83419e-09     7.95527e-09     6.43469e-09     5.20351e-09     4.21275e-09     3.40850e-09     2.75783e-09     2.23348e-09     1.80702e-09     1.46028e-09     1.17934e-09     9.52023e-10     6.90122e-10     4.44737e-10     2.85305e-10     1.79217e-10     1.07781e-10     6.24170e-11     3.68768e-11     1.91855e-11     6.50596e-12 
    4.94733e-07     6.62246e-07     8.50336e-07     1.02060e-06     1.18151e-06     1.31811e-06     1.39779e-06     1.46013e-06     1.44207e-06     1.40565e-06     1.32476e-06     1.22390e-06     1.11127e-06     9.91176e-07     8.70261e-07     7.58295e-07     6.47906e-07     5.52860e-07     4.66913e-07     3.91215e-07     3.28100e-07     2.71571e-07     2.24771e-07     1.85210e-07     1.52328e-07     1.25536e-07     1.02916e-07     8.40492e-08     6.82857e-08     5.54953e-08     4.51173e-08     3.65987e-08     2.96353e-08     2.39361e-08     1.93518e-08     1.56664e-08     1.26923e-08     1.02815e-08     8.31700e-09     6.72722e-09     5.44002e-09     4.40420e-09     3.56337e-09     2.88312e-09     2.33493e-09     1.88909e-09     1.52660e-09     1.23289e-09     9.95245e-10     7.21449e-10     4.64921e-10     2.98251e-10     1.87348e-10     1.12670e-10     6.52480e-11     3.85492e-11     2.00554e-11     6.80091e-12 
    4.72475e-07     6.32843e-07     8.13250e-07     9.77892e-07     1.13467e-06     1.26935e-06     1.35097e-06     1.41670e-06     1.40565e-06     1.37700e-06     1.30445e-06     1.21164e-06     1.10610e-06     9.91806e-07     8.75327e-07     7.66595e-07     6.57670e-07     5.63503e-07     4.77519e-07     4.01169e-07     3.37359e-07     2.79667e-07     2.31786e-07     1.91205e-07     1.57360e-07     1.29728e-07     1.06378e-07     8.68882e-08     7.05874e-08     5.73618e-08     4.66311e-08     3.78232e-08     3.06239e-08     2.47328e-08     1.99953e-08     1.61869e-08     1.31136e-08     1.06226e-08     8.59289e-09     6.95031e-09     5.62037e-09     4.55017e-09     3.68145e-09     2.97863e-09     2.41227e-09     1.95165e-09     1.57714e-09     1.27370e-09     1.02819e-09     7.45323e-10     4.80303e-10     3.08117e-10     1.93544e-10     1.16395e-10     6.74048e-11     3.98232e-11     2.07181e-11     7.02557e-12 
    4.35862e-07     5.84158e-07     7.51310e-07     9.05174e-07     1.05285e-06     1.18123e-06     1.26200e-06     1.32877e-06     1.32476e-06     1.30445e-06     1.24220e-06     1.16013e-06     1.06482e-06     9.59806e-07     8.51389e-07     7.49318e-07     6.45373e-07     5.55141e-07     4.71948e-07     3.97484e-07     3.35109e-07     2.78199e-07     2.30857e-07     1.90634e-07     1.56980e-07     1.29453e-07     1.06173e-07     8.67289e-08     7.04514e-08     5.72459e-08     4.65325e-08     3.77393e-08     3.05529e-08     2.46734e-08     1.99467e-08     1.61471e-08     1.30810e-08     1.05961e-08     8.57134e-09     6.93282e-09     5.60619e-09     4.53865e-09     3.67211e-09     2.97106e-09     2.40612e-09     1.94666e-09     1.57310e-09     1.27043e-09     1.02554e-09     7.43403e-10     4.79062e-10     3.07318e-10     1.93041e-10     1.16093e-10     6.72291e-11     3.97192e-11     2.06639e-11     7.00712e-12 
    3.93531e-07     5.27762e-07     6.79376e-07     8.20244e-07     9.56587e-07     1.07660e-06     1.15497e-06     1.22135e-06     1.22390e-06     1.21164e-06     1.16013e-06     1.08958e-06     1.00559e-06     9.11212e-07     8.12382e-07     7.18481e-07     6.21195e-07     5.36386e-07     4.57420e-07     3.86177e-07     3.26365e-07     2.71307e-07     2.25402e-07     1.86310e-07     1.53499e-07     1.26616e-07     1.03864e-07     8.48489e-08     6.89171e-08     5.59934e-08     4.55096e-08     3.69059e-08     2.98750e-08     2.41240e-08     1.95020e-08     1.57866e-08     1.27887e-08     1.03592e-08     8.37959e-09     6.77767e-09     5.48069e-09     4.43702e-09     3.58986e-09     2.90449e-09     2.35220e-09     1.90303e-09     1.53783e-09     1.24194e-09     1.00254e-09     7.26725e-10     4.68311e-10     3.00420e-10     1.88707e-10     1.13485e-10     6.57189e-11     3.88268e-11     2.01995e-11     6.84960e-12 
    3.48990e-07     4.68331e-07     6.03416e-07     7.30145e-07     8.53851e-07     9.64106e-07     1.03868e-06     1.10325e-06     1.11127e-06     1.10610e-06     1.06482e-06     1.00559e-06     9.33041e-07     8.49773e-07     7.61261e-07     6.76368e-07     5.86888e-07     5.08561e-07     4.34934e-07     3.68003e-07     3.11693e-07     2.59429e-07     2.15762e-07     1.78496e-07     1.47130e-07     1.21391e-07     9.95917e-08     8.13630e-08     6.60788e-08     5.36816e-08     4.36262e-08     3.53750e-08     2.86329e-08     2.31191e-08     1.86891e-08     1.51282e-08     1.22550e-08     9.92680e-09     8.02979e-09     6.49470e-09     5.25184e-09     4.25173e-09     3.43993e-09     2.78317e-09     2.25394e-09     1.82352e-09     1.47358e-09     1.19005e-09     9.60649e-10     6.96354e-10     4.48737e-10     2.87862e-10     1.80818e-10     1.08741e-10     6.29709e-11     3.72032e-11     1.93547e-11     6.56310e-12 
    3.04003e-07     4.08219e-07     5.26440e-07     6.38435e-07     7.48687e-07     8.48145e-07     9.17655e-07     9.79012e-07     9.91176e-07     9.91806e-07     9.59806e-07     9.11212e-07     8.49773e-07     7.77638e-07     6.99768e-07     6.24375e-07     5.43561e-07     4.72538e-07     4.05174e-07     3.43504e-07     2.91520e-07     2.42903e-07     2.02208e-07     1.67411e-07     1.38049e-07     1.13921e-07     9.34732e-08     7.63670e-08     6.20147e-08     5.03748e-08     4.09346e-08     3.31893e-08     2.68612e-08     2.16869e-08     1.75310e-08     1.41904e-08     1.14951e-08     9.31119e-09     7.53178e-09     6.09187e-09     4.92608e-09     3.98799e-09     3.22653e-09     2.61051e-09     2.11411e-09     1.71039e-09     1.38215e-09     1.11621e-09     9.01043e-10     6.53145e-10     4.20892e-10     2.69999e-10     1.69597e-10     1.01992e-10     5.90627e-11     3.48941e-11     1.81534e-11     6.15572e-12 
    2.60674e-07     3.50256e-07     4.52096e-07     5.49530e-07     6.46253e-07     7.34535e-07     7.98147e-07     8.55259e-07     8.70261e-07     8.75327e-07     8.51389e-07     8.12382e-07     7.61261e-07     6.99768e-07     6.32332e-07     5.66420e-07     4.94601e-07     4.31243e-07     3.70634e-07     3.14786e-07     2.67624e-07     2.23211e-07     1.85971e-07     1.54072e-07     1.27094e-07     1.04898e-07     8.60776e-08     7.03263e-08     5.71032e-08     4.63803e-08     3.76850e-08     3.05518e-08     2.47243e-08     1.99603e-08     1.61349e-08     1.30601e-08     1.05793e-08     8.56932e-09     6.93167e-09     5.60648e-09     4.53356e-09     3.67022e-09     2.96943e-09     2.40249e-09     1.94564e-09     1.57409e-09     1.27201e-09     1.02726e-09     8.29238e-10     6.01095e-10     3.87349e-10     2.48481e-10     1.56080e-10     9.38635e-11     5.43555e-11     3.21130e-11     1.67066e-11     5.66509e-12 
    2.21768e-07     2.98171e-07     3.85221e-07     4.69344e-07     5.53554e-07     6.31301e-07     6.88949e-07     7.41503e-07     7.58295e-07     7.66595e-07     7.49318e-07     7.18481e-07     6.76368e-07     6.24375e-07     5.66420e-07     5.09233e-07     4.45911e-07     3.89844e-07     3.35775e-07     2.85646e-07     2.43244e-07     2.03056e-07     1.69307e-07     1.40352e-07     1.15813e-07     9.56009e-08     7.84550e-08     6.40996e-08     5.20420e-08     4.22655e-08     3.43385e-08     2.78364e-08     2.25250e-08     1.81836e-08     1.46985e-08     1.18972e-08     9.63718e-09     7.80615e-09     6.31433e-09     5.10715e-09     4.12979e-09     3.34333e-09     2.70496e-09     2.18852e-09     1.77235e-09     1.43390e-09     1.15872e-09     9.35766e-10     7.55381e-10     5.47557e-10     3.52849e-10     2.26349e-10     1.42179e-10     8.55032e-11     4.95141e-11     2.92527e-11     1.52185e-11     5.16050e-12 
    1.85812e-07     2.49954e-07     3.23169e-07     3.94509e-07     4.66409e-07     5.33399e-07     5.84180e-07     6.30999e-07     6.47906e-07     6.57670e-07     6.45373e-07     6.21195e-07     5.86888e-07     5.43561e-07     4.94601e-07     4.45911e-07     3.91298e-07     3.42803e-07     2.95740e-07     2.51899e-07     2.14768e-07     1.79404e-07     1.49670e-07     1.24129e-07     1.02450e-07     8.45788e-08     6.94131e-08     5.67122e-08     4.60404e-08     3.73883e-08     3.03737e-08     2.46207e-08     1.99216e-08     1.60812e-08     1.29989e-08     1.05214e-08     8.52268e-09     6.90340e-09     5.58412e-09     4.51656e-09     3.65223e-09     2.95672e-09     2.39218e-09     1.93545e-09     1.56741e-09     1.26810e-09     1.02474e-09     8.27568e-10     6.68041e-10     4.84247e-10     3.12053e-10     2.00179e-10     1.25740e-10     7.56179e-11     4.37897e-11     2.58708e-11     1.34591e-11     4.56392e-12 
    1.55376e-07     2.09125e-07     2.70594e-07     3.31005e-07     3.92314e-07     4.49963e-07     4.94614e-07     5.36221e-07     5.52860e-07     5.63503e-07     5.55141e-07     5.36386e-07     5.08561e-07     4.72538e-07     4.31243e-07     3.89844e-07     3.42803e-07     3.00912e-07     2.60004e-07     2.21722e-07     1.89259e-07     1.58194e-07     1.32046e-07     1.09560e-07     9.04454e-08     7.46750e-08     6.12880e-08     5.00740e-08     4.06481e-08     3.30068e-08     2.68123e-08     2.17326e-08     1.75837e-08     1.41933e-08     1.14727e-08     9.28602e-09     7.52193e-09     6.09279e-09     4.92844e-09     3.98624e-09     3.22341e-09     2.60957e-09     2.11131e-09     1.70822e-09     1.38339e-09     1.11922e-09     9.04433e-10     7.30411e-10     5.89613e-10     4.27398e-10     2.75419e-10     1.76680e-10     1.10980e-10     6.67412e-11     3.86494e-11     2.28340e-11     1.18793e-11     4.02821e-12 
    1.28982e-07     1.73686e-07     2.24897e-07     2.75595e-07     3.27345e-07     3.76376e-07     4.15011e-07     4.51312e-07     4.66913e-07     4.77519e-07     4.71948e-07     4.57420e-07     4.34934e-07     4.05174e-07     3.70634e-07     3.35775e-07     2.95740e-07     2.60004e-07     2.24933e-07     1.91992e-07     1.64031e-07     1.37175e-07     1.14550e-07     9.50758e-08     7.85020e-08     6.48194e-08     5.32017e-08     4.34677e-08     3.52835e-08     2.86492e-08     2.32714e-08     1.88617e-08     1.52602e-08     1.23174e-08     9.95641e-09     8.05870e-09     6.52776e-09     5.28752e-09     4.27707e-09     3.45941e-09     2.79741e-09     2.26470e-09     1.83230e-09     1.48248e-09     1.20058e-09     9.71320e-10     7.84921e-10     6.33895e-10     5.11703e-10     3.70924e-10     2.39028e-10     1.53335e-10     9.63165e-11     5.79232e-11     3.35430e-11     1.98173e-11     1.03099e-11     3.49605e-12 
    1.06577e-07     1.43579e-07     1.86025e-07     2.28294e-07     2.71639e-07     3.12952e-07     3.45937e-07     3.77121e-07     3.91215e-07     4.01169e-07     3.97484e-07     3.86177e-07     3.68003e-07     3.43504e-07     3.14786e-07     2.85646e-07     2.51899e-07     2.21722e-07     1.91992e-07     1.63990e-07     1.40204e-07     1.17293e-07     9.79793e-08     8.13435e-08     6.71731e-08     5.54690e-08     4.55291e-08     3.71995e-08     3.01946e-08     2.45165e-08     1.99139e-08     1.61400e-08     1.30579e-08     1.05396e-08     8.51938e-09     6.89557e-09     5.58560e-09     4.52439e-09     3.65979e-09     2.96016e-09     2.39370e-09     1.93788e-09     1.56789e-09     1.26855e-09     1.02734e-09     8.31163e-10     6.71662e-10     5.42431e-10     4.37871e-10     3.17406e-10     2.04541e-10     1.31213e-10     8.24208e-11     4.95667e-11     2.87040e-11     1.69584e-11     8.82257e-12     2.99173e-12 
    8.81062e-08     1.18749e-07     1.53953e-07     1.89223e-07     2.25563e-07     2.60408e-07     2.88594e-07     3.15405e-07     3.28100e-07     3.37359e-07     3.35109e-07     3.26365e-07     3.11693e-07     2.91520e-07     2.67624e-07     2.43244e-07     2.14768e-07     1.89259e-07     1.64031e-07     1.40204e-07     1.19948e-07     1.00385e-07     8.38816e-08     6.96574e-08     5.75306e-08     4.75099e-08     3.89979e-08     3.18638e-08     2.58628e-08     2.09987e-08     1.70561e-08     1.38235e-08     1.11835e-08     9.02652e-09     7.29630e-09     5.90562e-09     4.78372e-09     3.87487e-09     3.13441e-09     2.53523e-09     2.05010e-09     1.65972e-09     1.34284e-09     1.08647e-09     8.79883e-10     7.11867e-10     5.75262e-10     4.64580e-10     3.75028e-10     2.71853e-10     1.75187e-10     1.12383e-10     7.05929e-11     4.24538e-11     2.45850e-11     1.45249e-11     7.55660e-12     2.56246e-12 
    7.22758e-08     9.74547e-08     1.26412e-07     1.55527e-07     1.85608e-07     2.14554e-07     2.38139e-07     2.60649e-07     2.71571e-07     2.79667e-07     2.78199e-07     2.71307e-07     2.59429e-07     2.42903e-07     2.23211e-07     2.03056e-07     1.79404e-07     1.58194e-07     1.37175e-07     1.17293e-07     1.00385e-07     8.40307e-08     7.02298e-08     5.83302e-08     4.81807e-08     3.97916e-08     3.26645e-08     2.66903e-08     2.16643e-08     1.75902e-08     1.42879e-08     1.15801e-08     9.36861e-09     7.56179e-09     6.11238e-09     4.94739e-09     4.00755e-09     3.24619e-09     2.62588e-09     2.12392e-09     1.71750e-09     1.39046e-09     1.12499e-09     9.10220e-10     7.37148e-10     5.96390e-10     4.81946e-10     3.89219e-10     3.14194e-10     2.27756e-10     1.46771e-10     9.41543e-11     5.91431e-11     3.55682e-11     2.05976e-11     1.21692e-11     6.33107e-12     2.14689e-12 
    5.93379e-08     8.00435e-08     1.03880e-07     1.27922e-07     1.52824e-07     1.76859e-07     1.96566e-07     2.15430e-07     2.24771e-07     2.31786e-07     2.30857e-07     2.25402e-07     2.15762e-07     2.02208e-07     1.85971e-07     1.69307e-07     1.49670e-07     1.32046e-07     1.14550e-07     9.79793e-08     8.38816e-08     7.02298e-08     5.87056e-08     4.87659e-08     4.02847e-08     3.32729e-08     2.73152e-08     2.23206e-08     1.81181e-08     1.47114e-08     1.19498e-08     9.68529e-09     7.83583e-09     6.32471e-09     5.11246e-09     4.13808e-09     3.35201e-09     2.71520e-09     2.19637e-09     1.77652e-09     1.43659e-09     1.16304e-09     9.40998e-10     7.61356e-10     6.16591e-10     4.98855e-10     4.03129e-10     3.25568e-10     2.62813e-10     1.90511e-10     1.22770e-10     7.87579e-11     4.94720e-11     2.97522e-11     1.72296e-11     1.01794e-11     5.29590e-12     1.79588e-12 
    4.85481e-08     6.55174e-08     8.50714e-08     1.04846e-07     1.25372e-07     1.45233e-07     1.61601e-07     1.77307e-07     1.85210e-07     1.91205e-07     1.90634e-07     1.86310e-07     1.78496e-07     1.67411e-07     1.54072e-07     1.40352e-07     1.24129e-07     1.09560e-07     9.50758e-08     8.13435e-08     6.96574e-08     5.83302e-08     4.87659e-08     4.05145e-08     3.34717e-08     2.76480e-08     2.26991e-08     1.85497e-08     1.50580e-08     1.22272e-08     9.93239e-09     8.05039e-09     6.51329e-09     5.25733e-09     4.24971e-09     3.43979e-09     2.78639e-09     2.25706e-09     1.82578e-09     1.47678e-09     1.19421e-09     9.66816e-10     7.82237e-10     6.32906e-10     5.12567e-10     4.14695e-10     3.35119e-10     2.70644e-10     2.18477e-10     1.58373e-10     1.02060e-10     6.54724e-11     4.11268e-11     2.47335e-11     1.43234e-11     8.46242e-12     4.40264e-12     1.49297e-12 
    3.97368e-08     5.36500e-08     6.96954e-08     8.59473e-08     1.02837e-07     1.19206e-07     1.32733e-07     1.45731e-07     1.52328e-07     1.57360e-07     1.56980e-07     1.53499e-07     1.47130e-07     1.38049e-07     1.27094e-07     1.15813e-07     1.02450e-07     9.04454e-08     7.85020e-08     6.71731e-08     5.75306e-08     4.81807e-08     4.02847e-08     3.34717e-08     2.76558e-08     2.28460e-08     1.87582e-08     1.53306e-08     1.24458e-08     1.01069e-08     8.21051e-09     6.65506e-09     5.38462e-09     4.34645e-09     3.51345e-09     2.84389e-09     2.30371e-09     1.86608e-09     1.50951e-09     1.22097e-09     9.87352e-10     7.99353e-10     6.46747e-10     5.23283e-10     4.23788e-10     3.42869e-10     2.77077e-10     2.23769e-10     1.80638e-10     1.30944e-10     8.43842e-11     5.41335e-11     3.40044e-11     2.04502e-11     1.18429e-11     6.99695e-12     3.64023e-12     1.23444e-12 
    3.26358e-08     4.40820e-08     5.72915e-08     7.06830e-08     8.46110e-08     9.81211e-08     1.09302e-07     1.20054e-07     1.25536e-07     1.29728e-07     1.29453e-07     1.26616e-07     1.21391e-07     1.13921e-07     1.04898e-07     9.56009e-08     8.45788e-08     7.46750e-08     6.48194e-08     5.54690e-08     4.75099e-08     3.97916e-08     3.32729e-08     2.76480e-08     2.28460e-08     1.88744e-08     1.54987e-08     1.26679e-08     1.02851e-08     8.35298e-09     6.78623e-09     5.50090e-09     4.45102e-09     3.59300e-09     2.90444e-09     2.35097e-09     1.90444e-09     1.54266e-09     1.24790e-09     1.00937e-09     8.16241e-10     6.60825e-10     5.34667e-10     4.32600e-10     3.50349e-10     2.83453e-10     2.29063e-10     1.84993e-10     1.49336e-10     1.08254e-10     6.97622e-11     4.47534e-11     2.81123e-11     1.69068e-11     9.79090e-12     5.78462e-12     3.00952e-12     1.02057e-12 
    2.66781e-08     3.60506e-08     4.68741e-08     5.78538e-08     6.92800e-08     8.03706e-08     8.95573e-08     9.83971e-08     1.02916e-07     1.06378e-07     1.06173e-07     1.03864e-07     9.95917e-08     9.34732e-08     8.60776e-08     7.84550e-08     6.94131e-08     6.12880e-08     5.32017e-08     4.55291e-08     3.89979e-08     3.26645e-08     2.73152e-08     2.26991e-08     1.87582e-08     1.54987e-08     1.27281e-08     1.04043e-08     8.44815e-09     6.86174e-09     5.57517e-09     4.51947e-09     3.65711e-09     2.95227e-09     2.38653e-09     1.93178e-09     1.56488e-09     1.26762e-09     1.02542e-09     8.29418e-10     6.70721e-10     5.43014e-10     4.39349e-10     3.55479e-10     2.87892e-10     2.32922e-10     1.88228e-10     1.52015e-10     1.22715e-10     8.89562e-11     5.73265e-11     3.67759e-11     2.31012e-11     1.38931e-11     8.04570e-12     4.75354e-12     2.47309e-12     8.38663e-13 
    2.17365e-08     2.93857e-08     3.82246e-08     4.71944e-08     5.65327e-08     6.56006e-08     7.31146e-08     8.03476e-08     8.40492e-08     8.68882e-08     8.67289e-08     8.48489e-08     8.13630e-08     7.63670e-08     7.03263e-08     6.40996e-08     5.67122e-08     5.00740e-08     4.34677e-08     3.71995e-08     3.18638e-08     2.66903e-08     2.23206e-08     1.85497e-08     1.53306e-08     1.26679e-08     1.04043e-08     8.50565e-09     6.90721e-09     5.61072e-09     4.55910e-09     3.69602e-09     2.99096e-09     2.41462e-09     1.95194e-09     1.58003e-09     1.27995e-09     1.03682e-09     8.38721e-10     6.78409e-10     5.48607e-10     4.44153e-10     3.59362e-10     2.90762e-10     2.35480e-10     1.90518e-10     1.53962e-10     1.24341e-10     1.00375e-10     7.27623e-11     4.68908e-11     3.00813e-11     1.88960e-11     1.13642e-11     6.58115e-12     3.88827e-12     2.02294e-12     6.86011e-13 
    1.76366e-08     2.38530e-08     3.10399e-08     3.83328e-08     4.59258e-08     5.32986e-08     5.94048e-08     6.52825e-08     6.82857e-08     7.05874e-08     7.04514e-08     6.89171e-08     6.60788e-08     6.20147e-08     5.71032e-08     5.20420e-08     4.60404e-08     4.06481e-08     3.52835e-08     3.01946e-08     2.58628e-08     2.16643e-08     1.81181e-08     1.50580e-08     1.24458e-08     1.02851e-08     8.44815e-09     6.90721e-09     5.60980e-09     4.55732e-09     3.70349e-09     3.00258e-09     2.42996e-09     1.96182e-09     1.58593e-09     1.28377e-09     1.03998e-09     8.42436e-10     6.81479e-10     5.51224e-10     4.45758e-10     3.60887e-10     2.91993e-10     2.36254e-10     1.91336e-10     1.54804e-10     1.25100e-10     1.01033e-10     8.15591e-11     5.91228e-11     3.81011e-11     2.44427e-11     1.53541e-11     9.23403e-12     5.34759e-12     3.15947e-12     1.64377e-12     5.57433e-13 
    1.43164e-08     1.93699e-08     2.52153e-08     3.11463e-08     3.73216e-08     4.33177e-08     4.82809e-08     5.30583e-08     5.54953e-08     5.73618e-08     5.72459e-08     5.59934e-08     5.36816e-08     5.03748e-08     4.63803e-08     4.22655e-08     3.73883e-08     3.30068e-08     2.86492e-08     2.45165e-08     2.09987e-08     1.75902e-08     1.47114e-08     1.22272e-08     1.01069e-08     8.35298e-09     6.86174e-09     5.61072e-09     4.55732e-09     3.70266e-09     3.00922e-09     2.43985e-09     1.97467e-09     1.59432e-09     1.28886e-09     1.04332e-09     8.45198e-10     6.84659e-10     5.53849e-10     4.47991e-10     3.62278e-10     2.93302e-10     2.37311e-10     1.92011e-10     1.55505e-10     1.25814e-10     1.01674e-10     8.21132e-11     6.62865e-11     4.80517e-11     3.09666e-11     1.98658e-11     1.24791e-11     7.50502e-12     4.34630e-12     2.56790e-12     1.33600e-12     4.53065e-13 
    1.16280e-08     1.57379e-08     2.04938e-08     2.53187e-08     3.03424e-08     3.52201e-08     3.92553e-08     4.31392e-08     4.51173e-08     4.66311e-08     4.65325e-08     4.55096e-08     4.36262e-08     4.09346e-08     3.76850e-08     3.43385e-08     3.03737e-08     2.68123e-08     2.32714e-08     1.99139e-08     1.70561e-08     1.42879e-08     1.19498e-08     9.93239e-09     8.21051e-09     6.78623e-09     5.57517e-09     4.55910e-09     3.70349e-09     3.00922e-09     2.44583e-09     1.98317e-09     1.60514e-09     1.29603e-09     1.04773e-09     8.48141e-10     6.87092e-10     5.56587e-10     4.50249e-10     3.64194e-10     2.94515e-10     2.38442e-10     1.92924e-10     1.56098e-10     1.26420e-10     1.02283e-10     8.26574e-11     6.67557e-11     5.38891e-11     3.90649e-11     2.51752e-11     1.61505e-11     1.01453e-11     6.10150e-12     3.53351e-12     2.08769e-12     1.08617e-12     3.68344e-13 
    9.42837e-09     1.27637e-08     1.66242e-08     2.05402e-08     2.46172e-08     2.85752e-08     3.18479e-08     3.49973e-08     3.65987e-08     3.78232e-08     3.77393e-08     3.69059e-08     3.53750e-08     3.31893e-08     3.05518e-08     2.78364e-08     2.46207e-08     2.17326e-08     1.88617e-08     1.61400e-08     1.38235e-08     1.15801e-08     9.68529e-09     8.05039e-09     6.65506e-09     5.50090e-09     4.51947e-09     3.69602e-09     3.00258e-09     2.43985e-09     1.98317e-09     1.60809e-09     1.30161e-09     1.05098e-09     8.49646e-10     6.87797e-10     5.57201e-10     4.51371e-10     3.65137e-10     2.95351e-10     2.38844e-10     1.93371e-10     1.56458e-10     1.26593e-10     1.02526e-10     8.29507e-11     6.70348e-11     5.41387e-11     4.37041e-11     3.16818e-11     2.04173e-11     1.30983e-11     8.22800e-12     4.94843e-12     2.86576e-12     1.69317e-12     8.80913e-13     2.98740e-13 
    7.63111e-09     1.03329e-08     1.34611e-08     1.66336e-08     1.99365e-08     2.31425e-08     2.57918e-08     2.83412e-08     2.96353e-08     3.06239e-08     3.05529e-08     2.98750e-08     2.86329e-08     2.68612e-08     2.47243e-08     2.25250e-08     1.99216e-08     1.75837e-08     1.52602e-08     1.30579e-08     1.11835e-08     9.36861e-09     7.83583e-09     6.51329e-09     5.38462e-09     4.45102e-09     3.65711e-09     2.99096e-09     2.42996e-09     1.97467e-09     1.60514e-09     1.30161e-09     1.05358e-09     8.50740e-10     6.87774e-10     5.56767e-10     4.51056e-10     3.65389e-10     2.95583e-10     2.39092e-10     1.93350e-10     1.56539e-10     1.26657e-10     1.02481e-10     8.29981e-11     6.71518e-11     5.42675e-11     4.38277e-11     3.53805e-11     2.56480e-11     1.65289e-11     1.06038e-11     6.66107e-12     4.00608e-12     2.32003e-12     1.37074e-12     7.13167e-13     2.41855e-13 
    6.16146e-09     8.34443e-09     1.08723e-08     1.34359e-08     1.61045e-08     1.86947e-08     2.08341e-08     2.28926e-08     2.39361e-08     2.47328e-08     2.46734e-08     2.41240e-08     2.31191e-08     2.16869e-08     1.99603e-08     1.81836e-08     1.60812e-08     1.41933e-08     1.23174e-08     1.05396e-08     9.02652e-09     7.56179e-09     6.32471e-09     5.25733e-09     4.34645e-09     3.59300e-09     2.95227e-09     2.41462e-09     1.96182e-09     1.59432e-09     1.29603e-09     1.05098e-09     8.50740e-10     6.86968e-10     5.55380e-10     4.49597e-10     3.64238e-10     2.95061e-10     2.38693e-10     1.93075e-10     1.56138e-10     1.26413e-10     1.02282e-10     8.27591e-11     6.70257e-11     5.42291e-11     4.38244e-11     3.53938e-11     2.85722e-11     2.07126e-11     1.33483e-11     8.56344e-12     5.37938e-12     3.23526e-12     1.87364e-12     1.10701e-12     5.75953e-13     1.95323e-13 
    4.98092e-09     6.74601e-09     8.79015e-09     1.08630e-08     1.30208e-08     1.51151e-08     1.68447e-08     1.85087e-08     1.93518e-08     1.99953e-08     1.99467e-08     1.95020e-08     1.86891e-08     1.75310e-08     1.61349e-08     1.46985e-08     1.29989e-08     1.14727e-08     9.95641e-09     8.51938e-09     7.29630e-09     6.11238e-09     5.11246e-09     4.24971e-09     3.51345e-09     2.90444e-09     2.38653e-09     1.95194e-09     1.58593e-09     1.28886e-09     1.04773e-09     8.49646e-10     6.87774e-10     5.55380e-10     4.49001e-10     3.63484e-10     2.94476e-10     2.38550e-10     1.92979e-10     1.56099e-10     1.26236e-10     1.02204e-10     8.26952e-11     6.69111e-11     5.41908e-11     4.38448e-11     3.54326e-11     2.86165e-11     2.31012e-11     1.67466e-11     1.07925e-11     6.92382e-12     4.34942e-12     2.61584e-12     1.51492e-12     8.95068e-13     4.65688e-13     1.57930e-13 
    4.03196e-09     5.46106e-09     7.11622e-09     8.79455e-09     1.05417e-08     1.22373e-08     1.36373e-08     1.49843e-08     1.56664e-08     1.61869e-08     1.61471e-08     1.57866e-08     1.51282e-08     1.41904e-08     1.30601e-08     1.18972e-08     1.05214e-08     9.28602e-09     8.05870e-09     6.89557e-09     5.90562e-09     4.94739e-09     4.13808e-09     3.43979e-09     2.84389e-09     2.35097e-09     1.93178e-09     1.58003e-09     1.28377e-09     1.04332e-09     8.48141e-10     6.87797e-10     5.56767e-10     4.49597e-10     3.63484e-10     2.94256e-10     2.38393e-10     1.93120e-10     1.56229e-10     1.26373e-10     1.02197e-10     8.27419e-11     6.69484e-11     5.41701e-11     4.38722e-11     3.54963e-11     2.86860e-11     2.31678e-11     1.87027e-11     1.35581e-11     8.73771e-12     5.60561e-12     3.52136e-12     2.11784e-12     1.22651e-12     7.24671e-13     3.77036e-13     1.27866e-13 
    3.26625e-09     4.42416e-09     5.76530e-09     7.12518e-09     8.54077e-09     9.91457e-09     1.10488e-08     1.21399e-08     1.26923e-08     1.31136e-08     1.30810e-08     1.27887e-08     1.22550e-08     1.14951e-08     1.05793e-08     9.63718e-09     8.52268e-09     7.52193e-09     6.52776e-09     5.58560e-09     4.78372e-09     4.00755e-09     3.35201e-09     2.78639e-09     2.30371e-09     1.90444e-09     1.56488e-09     1.27995e-09     1.03998e-09     8.45198e-10     6.87092e-10     5.57201e-10     4.51056e-10     3.64238e-10     2.94476e-10     2.38393e-10     1.93137e-10     1.56459e-10     1.26572e-10     1.02384e-10     8.27983e-11     6.70362e-11     5.42408e-11     4.38882e-11     3.55451e-11     2.87591e-11     2.32415e-11     1.87707e-11     1.51531e-11     1.09850e-11     7.07943e-12     4.54177e-12     2.85309e-12     1.71593e-12     9.93760e-13     5.87154e-13     3.05489e-13     1.03603e-13 
    2.64575e-09     3.58376e-09     4.67025e-09     5.77191e-09     6.91869e-09     8.03160e-09     8.95034e-09     9.83419e-09     1.02815e-08     1.06226e-08     1.05961e-08     1.03592e-08     9.92680e-09     9.31119e-09     8.56932e-09     7.80615e-09     6.90340e-09     6.09279e-09     5.28752e-09     4.52439e-09     3.87487e-09     3.24619e-09     2.71520e-09     2.25706e-09     1.86608e-09     1.54266e-09     1.26762e-09     1.03682e-09     8.42436e-10     6.84659e-10     5.56587e-10     4.51371e-10     3.65389e-10     2.95061e-10     2.38550e-10     1.93120e-10     1.56459e-10     1.26748e-10     1.02537e-10     8.29423e-11     6.70760e-11     5.43072e-11     4.39416e-11     3.55549e-11     2.87960e-11     2.32986e-11     1.88287e-11     1.52068e-11     1.22761e-11     8.89937e-12     5.73537e-12     3.67952e-12     2.31144e-12     1.39017e-12     8.05105e-13     4.75690e-13     2.47497e-13     8.39361e-14 
    2.14016e-09     2.89898e-09     3.77792e-09     4.66913e-09     5.59685e-09     6.49714e-09     7.24032e-09     7.95527e-09     8.31700e-09     8.59289e-09     8.57134e-09     8.37959e-09     8.02979e-09     7.53178e-09     6.93167e-09     6.31433e-09     5.58412e-09     4.92844e-09     4.27707e-09     3.65979e-09     3.13441e-09     2.62588e-09     2.19637e-09     1.82578e-09     1.50951e-09     1.24790e-09     1.02542e-09     8.38721e-10     6.81479e-10     5.53849e-10     4.50249e-10     3.65137e-10     2.95583e-10     2.38693e-10     1.92979e-10     1.56229e-10     1.26572e-10     1.02537e-10     8.29507e-11     6.70995e-11     5.42641e-11     4.39344e-11     3.55488e-11     2.87641e-11     2.32962e-11     1.88488e-11     1.52327e-11     1.23025e-11     9.93158e-12     7.19978e-12     4.64006e-12     2.97684e-12     1.87003e-12     1.12470e-12     6.51361e-13     3.84854e-13     2.00236e-13     6.79086e-14 
    1.73103e-09     2.34482e-09     3.05579e-09     3.77668e-09     4.52709e-09     5.25532e-09     5.85643e-09     6.43469e-09     6.72722e-09     6.95031e-09     6.93282e-09     6.77767e-09     6.49470e-09     6.09187e-09     5.60648e-09     5.10715e-09     4.51656e-09     3.98624e-09     3.45941e-09     2.96016e-09     2.53523e-09     2.12392e-09     1.77652e-09     1.47678e-09     1.22097e-09     1.00937e-09     8.29418e-10     6.78409e-10     5.51224e-10     4.47991e-10     3.64194e-10     2.95351e-10     2.39092e-10     1.93075e-10     1.56099e-10     1.26373e-10     1.02384e-10     8.29423e-11     6.70995e-11     5.42777e-11     4.38951e-11     3.55394e-11     2.87563e-11     2.32681e-11     1.88450e-11     1.52474e-11     1.23223e-11     9.95199e-12     8.03405e-12     5.82421e-12     3.75356e-12     2.40811e-12     1.51277e-12     9.09833e-13     5.26925e-13     3.11332e-13     1.61984e-13     5.49361e-14 
    1.39978e-09     1.89614e-09     2.47109e-09     3.05407e-09     3.66093e-09     4.24983e-09     4.73591e-09     5.20351e-09     5.44002e-09     5.62037e-09     5.60619e-09     5.48069e-09     5.25184e-09     4.92608e-09     4.53356e-09     4.12979e-09     3.65223e-09     3.22341e-09     2.79741e-09     2.39370e-09     2.05010e-09     1.71750e-09     1.43659e-09     1.19421e-09     9.87352e-10     8.16241e-10     6.70721e-10     5.48607e-10     4.45758e-10     3.62278e-10     2.94515e-10     2.38844e-10     1.93350e-10     1.56138e-10     1.26236e-10     1.02197e-10     8.27983e-11     6.70760e-11     5.42641e-11     4.38951e-11     3.54988e-11     2.87415e-11     2.32559e-11     1.88175e-11     1.52405e-11     1.23311e-11     9.96543e-12     8.04855e-12     6.49745e-12     4.71029e-12     3.03568e-12     1.94756e-12     1.22345e-12     7.35832e-13     4.26155e-13     2.51793e-13     1.31007e-13     4.44306e-14 
    1.13323e-09     1.53508e-09     2.00058e-09     2.47257e-09     2.96390e-09     3.44068e-09     3.83420e-09     4.21275e-09     4.40420e-09     4.55017e-09     4.53865e-09     4.43702e-09     4.25173e-09     3.98799e-09     3.67022e-09     3.34333e-09     2.95672e-09     2.60957e-09     2.26470e-09     1.93788e-09     1.65972e-09     1.39046e-09     1.16304e-09     9.66816e-10     7.99353e-10     6.60825e-10     5.43014e-10     4.44153e-10     3.60887e-10     2.93302e-10     2.38442e-10     1.93371e-10     1.56539e-10     1.26413e-10     1.02204e-10     8.27419e-11     6.70362e-11     5.43072e-11     4.39344e-11     3.55394e-11     2.87415e-11     2.32706e-11     1.88292e-11     1.52357e-11     1.23396e-11     9.98401e-12     8.06865e-12     6.51663e-12     5.26078e-12     3.81378e-12     2.45791e-12     1.57689e-12     9.90606e-13     5.95791e-13     3.45052e-13     2.03874e-13     1.06075e-13     3.59753e-14 
    9.16859e-10     1.24200e-09     1.61865e-09     2.00054e-09     2.39808e-09     2.78385e-09     3.10223e-09     3.40850e-09     3.56337e-09     3.68145e-09     3.67211e-09     3.58986e-09     3.43993e-09     3.22653e-09     2.96943e-09     2.70496e-09     2.39218e-09     2.11131e-09     1.83230e-09     1.56789e-09     1.34284e-09     1.12499e-09     9.40998e-10     7.82237e-10     6.46747e-10     5.34667e-10     4.39349e-10     3.59362e-10     2.91993e-10     2.37311e-10     1.92924e-10     1.56458e-10     1.26657e-10     1.02282e-10     8.26952e-11     6.69484e-11     5.42408e-11     4.39416e-11     3.55488e-11     2.87563e-11     2.32559e-11     1.88292e-11     1.52356e-11     1.23280e-11     9.98462e-12     8.07860e-12     6.52880e-12     5.27299e-12     4.25681e-12     3.08597e-12     1.98886e-12     1.27597e-12     8.01570e-13     4.82098e-13     2.79208e-13     1.64971e-13     8.58343e-14     2.91107e-14 
