#    
    3.32545e-07     4.33121e-07     5.32229e-07     6.25418e-07     7.04972e-07     7.59299e-07     7.94521e-07     7.93739e-07     7.79748e-07     7.28623e-07     6.74318e-07     6.02830e-07     5.31635e-07     4.60869e-07     3.90818e-07     3.30574e-07     2.73846e-07     2.26512e-07     1.86081e-07     1.52131e-07     1.24265e-07     1.01030e-07     8.21677e-08     6.66326e-08     5.42132e-08     4.42845e-08     3.60451e-08     2.92810e-08     2.37093e-08     1.92251e-08     1.56094e-08     1.26618e-08     1.02560e-08     8.29142e-09     6.71773e-09     5.44975e-09     4.42549e-09     3.59583e-09     2.91790e-09     2.36787e-09     1.92199e-09     1.56205e-09     1.26887e-09     1.03109e-09     8.38775e-10     6.81790e-10     5.53649e-10     4.49392e-10     3.64743e-10     2.66592e-10     1.73887e-10     1.12989e-10     7.19921e-11     4.39834e-11     2.58878e-11     1.54240e-11     8.10518e-12     2.80760e-12 
    4.33121e-07     5.64583e-07     6.94243e-07     8.16256e-07     9.20493e-07     9.91706e-07     1.03793e-06     1.03695e-06     1.01869e-06     9.51741e-07     8.80636e-07     7.87028e-07     6.93816e-07     6.01196e-07     5.09546e-07     4.30749e-07     3.56625e-07     2.94800e-07     2.42039e-07     1.97778e-07     1.61469e-07     1.31239e-07     1.06715e-07     8.65298e-08     7.04051e-08     5.75236e-08     4.68340e-08     3.80580e-08     3.08306e-08     2.50109e-08     2.03158e-08     1.64853e-08     1.33577e-08     1.08022e-08     8.75330e-09     7.10209e-09     5.76793e-09     4.68690e-09     3.80343e-09     3.08658e-09     2.50542e-09     2.03625e-09     1.65409e-09     1.34413e-09     1.09344e-09     8.88799e-10     7.21755e-10     5.85846e-10     4.75495e-10     3.47544e-10     2.26691e-10     1.47301e-10     9.38549e-11     5.73407e-11     3.37500e-11     2.01083e-11     1.05668e-11     3.66035e-12 
    5.32229e-07     6.94243e-07     8.54190e-07     1.00485e-06     1.13371e-06     1.22189e-06     1.27931e-06     1.27848e-06     1.25633e-06     1.17402e-06     1.08656e-06     9.71232e-07     8.56345e-07     7.42134e-07     6.29062e-07     5.31842e-07     4.40347e-07     3.64028e-07     2.98898e-07     2.44258e-07     1.99433e-07     1.62121e-07     1.31851e-07     1.06936e-07     8.70348e-08     7.11361e-08     5.79393e-08     4.71015e-08     3.81738e-08     3.09814e-08     2.51757e-08     2.04352e-08     1.65634e-08     1.33981e-08     1.08583e-08     8.81104e-09     7.15659e-09     5.81563e-09     4.71959e-09     3.83020e-09     3.10911e-09     2.52694e-09     2.05271e-09     1.66808e-09     1.35699e-09     1.10303e-09     8.95731e-10     7.27067e-10     5.90120e-10     4.31328e-10     2.81344e-10     1.82816e-10     1.16485e-10     7.11672e-11     4.18885e-11     2.49575e-11     1.31152e-11     4.54316e-12 
    6.25418e-07     8.16256e-07     1.00485e-06     1.18270e-06     1.33505e-06     1.43961e-06     1.50804e-06     1.50784e-06     1.48253e-06     1.38620e-06     1.28371e-06     1.14816e-06     1.01301e-06     8.78497e-07     7.45147e-07     6.30450e-07     5.22317e-07     4.32081e-07     3.55005e-07     2.90284e-07     2.37158e-07     1.92896e-07     1.56966e-07     1.27375e-07     1.03723e-07     8.48166e-08     6.91150e-08     5.62133e-08     4.55782e-08     3.70060e-08     3.00826e-08     2.44247e-08     1.98024e-08     1.60218e-08     1.29861e-08     1.05388e-08     8.56072e-09     6.95703e-09     5.64611e-09     4.58228e-09     3.71969e-09     3.02326e-09     2.45592e-09     1.99577e-09     1.62359e-09     1.31975e-09     1.07173e-09     8.69939e-10     7.06087e-10     5.16097e-10     3.36641e-10     2.18751e-10     1.39383e-10     8.51584e-11     5.01242e-11     2.98647e-11     1.56942e-11     5.43663e-12 
    7.04972e-07     9.20493e-07     1.13371e-06     1.33505e-06     1.50787e-06     1.62696e-06     1.70544e-06     1.70651e-06     1.67926e-06     1.57161e-06     1.45688e-06     1.30445e-06     1.15225e-06     1.00046e-06     8.49656e-07     7.19860e-07     5.97108e-07     4.94587e-07     4.06861e-07     3.33062e-07     2.72418e-07     2.21788e-07     1.80638e-07     1.46707e-07     1.19554e-07     9.78199e-08     7.97562e-08     6.49026e-08     5.26448e-08     4.27601e-08     3.47721e-08     2.82385e-08     2.28996e-08     1.85312e-08     1.50214e-08     1.21917e-08     9.90411e-09     8.04915e-09     6.53268e-09     5.30196e-09     4.30400e-09     3.49824e-09     2.84182e-09     2.30940e-09     1.87875e-09     1.52719e-09     1.24020e-09     1.00670e-09     8.17094e-10     5.97243e-10     3.89578e-10     2.53153e-10     1.61306e-10     9.85536e-11     5.80094e-11     3.45633e-11     1.81635e-11     6.29218e-12 
    7.59299e-07     9.91706e-07     1.22189e-06     1.43961e-06     1.62696e-06     1.75678e-06     1.84311e-06     1.84624e-06     1.81889e-06     1.70466e-06     1.58259e-06     1.41935e-06     1.25600e-06     1.09261e-06     9.29736e-07     7.89403e-07     6.56037e-07     5.44503e-07     4.48788e-07     3.68031e-07     3.01552e-07     2.45857e-07     2.00501e-07     1.63032e-07     1.32986e-07     1.08889e-07     8.88388e-08     7.23357e-08     5.86952e-08     4.76907e-08     3.87928e-08     3.15087e-08     2.55556e-08     2.06834e-08     1.67671e-08     1.36094e-08     1.10564e-08     8.98598e-09     7.29323e-09     5.91938e-09     4.80532e-09     3.90577e-09     3.17293e-09     2.57852e-09     2.09772e-09     1.70520e-09     1.38478e-09     1.12406e-09     9.12366e-10     6.66890e-10     4.35016e-10     2.82684e-10     1.80125e-10     1.10053e-10     6.47790e-11     3.85972e-11     2.02837e-11     7.02681e-12 
    7.94521e-07     1.03793e-06     1.27931e-06     1.50804e-06     1.70544e-06     1.84311e-06     1.93565e-06     1.94140e-06     1.91533e-06     1.79809e-06     1.67238e-06     1.50290e-06     1.33283e-06     1.16212e-06     9.91235e-07     8.43810e-07     7.02862e-07     5.84792e-07     4.83106e-07     3.97003e-07     3.25970e-07     2.66207e-07     2.17424e-07     1.77031e-07     1.44564e-07     1.18460e-07     9.67148e-08     7.87964e-08     6.39594e-08     5.19844e-08     4.22968e-08     3.43592e-08     2.78711e-08     2.25599e-08     1.82893e-08     1.48457e-08     1.20614e-08     9.80302e-09     7.95656e-09     6.45791e-09     5.24260e-09     4.26126e-09     3.46178e-09     2.81329e-09     2.28875e-09     1.86050e-09     1.51092e-09     1.22647e-09     9.95493e-10     7.27661e-10     4.74665e-10     3.08453e-10     1.96548e-10     1.20089e-10     7.06872e-11     4.21180e-11     2.21343e-11     7.66806e-12 
    7.93739e-07     1.03695e-06     1.27848e-06     1.50784e-06     1.70651e-06     1.84624e-06     1.94140e-06     1.95040e-06     1.92775e-06     1.81383e-06     1.69112e-06     1.52381e-06     1.35533e-06     1.18535e-06     1.01425e-06     8.66380e-07     7.23850e-07     6.04190e-07     5.00634e-07     4.12522e-07     3.39626e-07     2.77942e-07     2.27436e-07     1.85492e-07     1.51671e-07     1.24394e-07     1.01637e-07     8.28609e-08     6.72783e-08     5.46968e-08     4.45134e-08     3.61623e-08     2.93358e-08     2.37467e-08     1.92521e-08     1.56276e-08     1.26969e-08     1.03198e-08     8.37612e-09     6.79856e-09     5.51923e-09     4.48617e-09     3.64454e-09     2.96185e-09     2.40964e-09     1.95879e-09     1.59075e-09     1.29129e-09     1.04812e-09     7.66136e-10     4.99770e-10     3.24772e-10     2.06949e-10     1.26446e-10     7.44298e-11     4.43485e-11     2.33068e-11     8.07441e-12 
    7.79748e-07     1.01869e-06     1.25633e-06     1.48253e-06     1.67926e-06     1.81889e-06     1.91533e-06     1.92775e-06     1.90922e-06     1.80087e-06     1.68351e-06     1.52141e-06     1.35748e-06     1.19116e-06     1.02270e-06     8.76802e-07     7.34913e-07     6.15502e-07     5.11615e-07     4.22760e-07     3.49026e-07     2.86252e-07     2.34685e-07     1.91730e-07     1.56979e-07     1.28861e-07     1.05368e-07     8.59570e-08     6.98118e-08     5.67710e-08     4.62108e-08     3.75433e-08     3.04578e-08     2.46562e-08     1.99898e-08     1.62268e-08     1.31839e-08     1.07158e-08     8.69771e-09     7.05969e-09     5.73130e-09     4.65861e-09     3.78468e-09     3.07578e-09     2.50234e-09     2.03417e-09     1.65199e-09     1.34101e-09     1.08848e-09     7.95652e-10     5.19032e-10     3.37294e-10     2.14930e-10     1.31324e-10     7.73022e-11     4.60605e-11     2.42069e-11     8.38638e-12 
    7.28623e-07     9.51741e-07     1.17402e-06     1.38620e-06     1.57161e-06     1.70466e-06     1.79809e-06     1.81383e-06     1.80087e-06     1.70389e-06     1.59807e-06     1.44940e-06     1.29824e-06     1.14376e-06     9.86048e-07     8.49113e-07     7.14438e-07     6.00757e-07     5.01210e-07     4.15527e-07     3.44164e-07     2.82963e-07     2.32495e-07     1.90302e-07     1.56038e-07     1.28208e-07     1.04917e-07     8.56457e-08     6.95750e-08     5.65902e-08     4.60707e-08     3.74296e-08     3.03656e-08     2.45815e-08     1.99293e-08     1.61776e-08     1.31440e-08     1.06834e-08     8.67148e-09     7.03847e-09     5.71413e-09     4.64470e-09     3.77341e-09     3.06665e-09     2.49494e-09     2.02818e-09     1.64713e-09     1.33708e-09     1.08530e-09     7.93333e-10     5.17525e-10     3.36319e-10     2.14312e-10     1.30947e-10     7.70813e-11     4.59294e-11     2.41382e-11     8.36274e-12 
    6.74318e-07     8.80636e-07     1.08656e-06     1.28371e-06     1.45688e-06     1.58259e-06     1.67238e-06     1.69112e-06     1.68351e-06     1.59807e-06     1.50402e-06     1.36927e-06     1.23143e-06     1.08941e-06     9.43174e-07     8.15843e-07     6.89108e-07     5.81790e-07     4.87177e-07     4.05206e-07     3.36681e-07     2.77478e-07     2.28471e-07     1.87352e-07     1.53834e-07     1.26512e-07     1.03608e-07     8.46290e-08     6.87638e-08     5.59411e-08     4.55488e-08     3.70055e-08     3.00214e-08     2.43029e-08     1.97033e-08     1.59941e-08     1.29949e-08     1.05622e-08     8.57321e-09     6.95877e-09     5.64947e-09     4.59218e-09     3.73078e-09     3.03203e-09     2.46680e-09     2.00531e-09     1.62858e-09     1.32203e-09     1.07309e-09     7.84416e-10     5.11714e-10     3.32546e-10     2.11910e-10     1.29481e-10     7.62190e-11     4.54160e-11     2.38687e-11     8.26949e-12 
    6.02830e-07     7.87028e-07     9.71232e-07     1.14816e-06     1.30445e-06     1.41935e-06     1.50290e-06     1.52381e-06     1.52141e-06     1.44940e-06     1.36927e-06     1.25172e-06     1.13064e-06     1.00470e-06     8.73750e-07     7.59370e-07     6.44010e-07     5.45985e-07     4.58930e-07     3.82981e-07     3.19239e-07     2.63741e-07     2.17620e-07     1.78779e-07     1.46997e-07     1.20993e-07     9.91597e-08     8.10428e-08     6.58615e-08     5.35882e-08     4.36376e-08     3.54517e-08     2.87601e-08     2.32812e-08     1.88747e-08     1.53212e-08     1.24481e-08     1.01178e-08     8.21251e-09     6.66603e-09     5.41185e-09     4.39907e-09     3.57392e-09     2.90458e-09     2.36312e-09     1.92105e-09     1.56015e-09     1.26649e-09     1.02802e-09     7.51475e-10     4.90231e-10     3.18588e-10     2.03017e-10     1.24049e-10     7.30220e-11     4.35114e-11     2.28679e-11     7.92290e-12 
    5.31635e-07     6.93816e-07     8.56345e-07     1.01301e-06     1.15225e-06     1.25600e-06     1.33283e-06     1.35533e-06     1.35748e-06     1.29824e-06     1.23143e-06     1.13064e-06     1.02595e-06     9.15916e-07     8.00235e-07     6.98848e-07     5.95122e-07     5.06658e-07     4.27487e-07     3.57916e-07     2.99291e-07     2.47847e-07     2.04926e-07     1.68648e-07     1.38850e-07     1.14382e-07     9.38060e-08     7.67093e-08     6.23494e-08     5.07374e-08     4.13199e-08     3.35676e-08     2.72306e-08     2.20423e-08     1.78700e-08     1.45055e-08     1.17851e-08     9.57897e-09     7.77516e-09     6.31107e-09     5.12370e-09     4.16488e-09     3.38369e-09     2.74999e-09     2.23737e-09     1.81883e-09     1.47715e-09     1.19912e-09     9.73336e-10     7.11511e-10     4.64165e-10     3.01651e-10     1.92226e-10     1.17456e-10     6.91419e-11     4.11997e-11     2.16532e-11     7.50217e-12 
    4.60869e-07     6.01196e-07     7.42134e-07     8.78497e-07     1.00046e-06     1.09261e-06     1.16212e-06     1.18535e-06     1.19116e-06     1.14376e-06     1.08941e-06     1.00470e-06     9.15916e-07     8.21492e-07     7.21054e-07     6.32705e-07     5.40963e-07     4.62425e-07     3.91587e-07     3.28889e-07     2.75847e-07     2.28943e-07     1.89660e-07     1.56342e-07     1.28877e-07     1.06247e-07     8.71887e-08     7.13336e-08     5.79875e-08     4.71932e-08     3.84363e-08     3.12237e-08     2.53280e-08     2.05016e-08     1.66205e-08     1.34910e-08     1.09608e-08     8.90891e-09     7.23130e-09     5.86965e-09     4.76536e-09     3.87362e-09     3.14708e-09     2.55772e-09     2.08095e-09     1.69169e-09     1.37390e-09     1.11531e-09     9.05313e-10     6.61792e-10     4.31735e-10     2.80579e-10     1.78799e-10     1.09253e-10     6.43136e-11     3.83230e-11     2.01415e-11     6.97850e-12 
    3.90818e-07     5.09546e-07     6.29062e-07     7.45147e-07     8.49656e-07     9.29736e-07     9.91235e-07     1.01425e-06     1.02270e-06     9.86048e-07     9.43174e-07     8.73750e-07     8.00235e-07     7.21054e-07     6.35773e-07     5.60466e-07     4.81062e-07     4.12826e-07     3.50799e-07     2.95507e-07     2.48549e-07     2.06717e-07     1.71555e-07     1.41632e-07     1.16883e-07     9.64251e-08     7.91730e-08     6.48042e-08     5.26851e-08     4.28815e-08     3.49264e-08     2.83709e-08     2.30127e-08     1.86266e-08     1.51002e-08     1.22567e-08     9.95781e-09     8.09368e-09     6.56960e-09     5.33257e-09     4.32935e-09     3.51923e-09     2.85918e-09     2.32375e-09     1.89061e-09     1.53696e-09     1.24825e-09     1.01332e-09     8.22528e-10     6.01281e-10     3.92264e-10     2.54929e-10     1.62456e-10     9.92673e-11     5.84359e-11     3.48209e-11     1.83011e-11     6.34094e-12 
    3.30574e-07     4.30749e-07     5.31842e-07     6.30450e-07     7.19860e-07     7.89403e-07     8.43810e-07     8.66380e-07     8.76802e-07     8.49113e-07     8.15843e-07     7.59370e-07     6.98848e-07     6.32705e-07     5.60466e-07     4.96408e-07     4.27745e-07     3.68501e-07     3.14208e-07     2.65458e-07     2.23892e-07     1.86588e-07     1.55118e-07     1.28250e-07     1.05954e-07     8.74675e-08     7.18569e-08     5.88408e-08     4.78416e-08     3.89424e-08     3.17195e-08     2.57647e-08     2.08977e-08     1.69140e-08     1.37115e-08     1.11293e-08     9.04172e-09     7.34907e-09     5.96521e-09     4.84200e-09     3.93110e-09     3.19552e-09     2.59621e-09     2.11004e-09     1.71675e-09     1.39563e-09     1.13348e-09     9.20150e-10     7.46907e-10     5.46005e-10     3.56206e-10     2.31498e-10     1.47525e-10     9.01451e-11     5.30664e-11     3.16216e-11     1.66197e-11     5.75846e-12 
    2.73846e-07     3.56625e-07     4.40347e-07     5.22317e-07     5.97108e-07     6.56037e-07     7.02862e-07     7.23850e-07     7.34913e-07     7.14438e-07     6.89108e-07     6.44010e-07     5.95122e-07     5.40963e-07     4.81062e-07     4.27745e-07     3.69765e-07     3.19566e-07     2.73243e-07     2.31394e-07     1.95596e-07     1.63271e-07     1.35922e-07     1.12510e-07     9.30298e-08     7.68374e-08     6.31503e-08     5.17281e-08     4.20610e-08     3.42389e-08     2.78891e-08     2.26523e-08     1.83724e-08     1.48695e-08     1.20539e-08     9.78365e-09     7.94841e-09     6.46043e-09     5.24393e-09     4.25656e-09     3.45581e-09     2.80919e-09     2.28235e-09     1.85497e-09     1.50923e-09     1.22694e-09     9.96481e-10     8.08944e-10     6.56642e-10     4.80025e-10     3.13165e-10     2.03528e-10     1.29702e-10     7.92550e-11     4.66560e-11     2.78020e-11     1.46124e-11     5.06302e-12 
    2.26512e-07     2.94800e-07     3.64028e-07     4.32081e-07     4.94587e-07     5.44503e-07     5.84792e-07     6.04190e-07     6.15502e-07     6.00757e-07     5.81790e-07     5.45985e-07     5.06658e-07     4.62425e-07     4.12826e-07     3.68501e-07     3.19566e-07     2.77048e-07     2.37534e-07     2.01617e-07     1.70793e-07     1.42790e-07     1.19029e-07     9.86368e-08     8.16255e-08     6.74512e-08     5.54581e-08     4.54412e-08     3.69513e-08     3.00809e-08     2.45028e-08     1.99009e-08     1.61400e-08     1.30623e-08     1.05887e-08     8.59429e-09     6.98207e-09     5.67499e-09     4.60641e-09     3.73909e-09     3.03572e-09     2.46772e-09     2.00493e-09     1.62951e-09     1.32581e-09     1.07783e-09     8.75386e-10     7.10645e-10     5.76853e-10     4.21700e-10     2.75118e-10     1.78802e-10     1.13946e-10     6.96280e-11     4.09892e-11     2.44253e-11     1.28378e-11     4.44820e-12 
    1.86081e-07     2.42039e-07     2.98898e-07     3.55005e-07     4.06861e-07     4.48788e-07     4.83106e-07     5.00634e-07     5.11615e-07     5.01210e-07     4.87177e-07     4.58930e-07     4.27487e-07     3.91587e-07     3.50799e-07     3.14208e-07     2.73243e-07     2.37534e-07     2.04137e-07     1.73613e-07     1.47342e-07     1.23350e-07     1.02941e-07     8.53860e-08     7.07093e-08     5.84552e-08     4.80779e-08     3.94045e-08     3.20441e-08     2.60873e-08     2.12502e-08     1.72586e-08     1.39966e-08     1.13272e-08     9.18210e-09     7.45255e-09     6.05447e-09     4.92105e-09     3.99445e-09     3.24238e-09     2.63246e-09     2.13993e-09     1.73863e-09     1.41308e-09     1.14973e-09     9.34690e-10     7.59136e-10     6.16276e-10     5.00254e-10     3.65707e-10     2.38590e-10     1.55064e-10     9.88194e-11     6.03851e-11     3.55483e-11     2.11833e-11     1.11339e-11     3.85787e-12 
    1.52131e-07     1.97778e-07     2.44258e-07     2.90284e-07     3.33062e-07     3.68031e-07     3.97003e-07     4.12522e-07     4.22760e-07     4.15527e-07     4.05206e-07     3.82981e-07     3.57916e-07     3.28889e-07     2.95507e-07     2.65458e-07     2.31394e-07     2.01617e-07     1.73613e-07     1.47898e-07     1.25712e-07     1.05359e-07     8.80098e-08     7.30591e-08     6.05364e-08     5.00628e-08     4.11871e-08     3.37643e-08     2.74588e-08     2.23553e-08     1.82107e-08     1.47896e-08     1.19939e-08     9.70630e-09     7.86810e-09     6.38601e-09     5.18800e-09     4.21680e-09     3.42282e-09     2.77840e-09     2.25577e-09     1.83373e-09     1.48987e-09     1.21091e-09     9.85239e-10     8.00974e-10     6.50539e-10     5.28119e-10     4.28697e-10     3.13398e-10     2.04465e-10     1.32887e-10     8.46872e-11     5.17499e-11     3.04651e-11     1.81543e-11     9.54195e-12     3.30631e-12 
    1.24265e-07     1.61469e-07     1.99433e-07     2.37158e-07     2.72418e-07     3.01552e-07     3.25970e-07     3.39626e-07     3.49026e-07     3.44164e-07     3.36681e-07     3.19239e-07     2.99291e-07     2.75847e-07     2.48549e-07     2.23892e-07     1.95596e-07     1.70793e-07     1.47342e-07     1.25712e-07     1.07007e-07     8.97749e-08     7.50573e-08     6.23524e-08     5.16925e-08     4.27629e-08     3.51907e-08     2.88545e-08     2.34670e-08     1.91062e-08     1.55643e-08     1.26401e-08     1.02505e-08     8.29527e-09     6.72425e-09     5.45760e-09     4.43374e-09     3.60376e-09     2.92523e-09     2.37450e-09     1.92787e-09     1.56719e-09     1.27332e-09     1.03491e-09     8.42048e-10     6.84568e-10     5.56000e-10     4.51374e-10     3.66401e-10     2.67859e-10     1.74757e-10     1.13580e-10     7.23836e-11     4.42319e-11     2.60394e-11     1.55172e-11     8.15594e-12     2.82609e-12 
    1.01030e-07     1.31239e-07     1.62121e-07     1.92896e-07     2.21788e-07     2.45857e-07     2.66207e-07     2.77942e-07     2.86252e-07     2.82963e-07     2.77478e-07     2.63741e-07     2.47847e-07     2.28943e-07     2.06717e-07     1.86588e-07     1.63271e-07     1.42790e-07     1.23350e-07     1.05359e-07     8.97749e-08     7.53745e-08     6.30578e-08     5.24122e-08     4.34690e-08     3.59690e-08     2.96060e-08     2.42795e-08     1.97474e-08     1.60786e-08     1.30985e-08     1.06376e-08     8.62659e-09     6.98111e-09     5.65900e-09     4.59303e-09     3.73139e-09     3.03290e-09     2.46188e-09     1.99840e-09     1.62252e-09     1.31898e-09     1.07166e-09     8.71019e-10     7.08701e-10     5.76163e-10     4.67957e-10     3.79901e-10     3.08385e-10     2.25448e-10     1.47088e-10     9.55978e-11     6.09243e-11     3.72296e-11     2.19174e-11     1.30609e-11     6.86494e-12     2.37878e-12 
    8.21677e-08     1.06715e-07     1.31851e-07     1.56966e-07     1.80638e-07     2.00501e-07     2.17424e-07     2.27436e-07     2.34685e-07     2.32495e-07     2.28471e-07     2.17620e-07     2.04926e-07     1.89660e-07     1.71555e-07     1.55118e-07     1.35922e-07     1.19029e-07     1.02941e-07     8.80098e-08     7.50573e-08     6.30578e-08     5.27823e-08     4.38914e-08     3.64147e-08     3.01384e-08     2.48115e-08     2.03507e-08     1.65530e-08     1.34784e-08     1.09807e-08     8.91780e-09     7.23201e-09     5.85260e-09     4.74425e-09     3.85062e-09     3.12828e-09     2.54271e-09     2.06399e-09     1.67544e-09     1.36031e-09     1.10583e-09     8.98487e-10     7.30274e-10     5.94188e-10     4.83068e-10     3.92348e-10     3.18521e-10     2.58561e-10     1.89025e-10     1.23326e-10     8.01546e-11     5.10827e-11     3.12159e-11     1.83771e-11     1.09513e-11     5.75616e-12     1.99459e-12 
    6.66326e-08     8.65298e-08     1.06936e-07     1.27375e-07     1.46707e-07     1.63032e-07     1.77031e-07     1.85492e-07     1.91730e-07     1.90302e-07     1.87352e-07     1.78779e-07     1.68648e-07     1.56342e-07     1.41632e-07     1.28250e-07     1.12510e-07     9.86368e-08     8.53860e-08     7.30591e-08     6.23524e-08     5.24122e-08     4.38914e-08     3.65124e-08     3.03016e-08     2.50839e-08     2.06539e-08     1.69430e-08     1.37821e-08     1.12229e-08     9.14366e-09     7.42603e-09     6.02237e-09     4.87377e-09     3.95084e-09     3.20670e-09     2.60518e-09     2.11755e-09     1.71889e-09     1.39531e-09     1.13289e-09     9.20959e-10     7.48282e-10     6.08193e-10     4.94860e-10     4.02318e-10     3.26765e-10     2.65280e-10     2.15343e-10     1.57431e-10     1.02714e-10     6.67583e-11     4.25455e-11     2.59991e-11     1.53061e-11     9.12123e-12     4.79429e-12     1.66131e-12 
    5.42132e-08     7.04051e-08     8.70348e-08     1.03723e-07     1.19554e-07     1.32986e-07     1.44564e-07     1.51671e-07     1.56979e-07     1.56038e-07     1.53834e-07     1.46997e-07     1.38850e-07     1.28877e-07     1.16883e-07     1.05954e-07     9.30298e-08     8.16255e-08     7.07093e-08     6.05364e-08     5.16925e-08     4.34690e-08     3.64147e-08     3.03016e-08     2.51531e-08     2.08254e-08     1.71500e-08     1.40704e-08     1.14464e-08     9.32158e-09     7.59506e-09     6.16855e-09     5.00276e-09     4.04875e-09     3.28211e-09     2.66396e-09     2.16428e-09     1.75920e-09     1.42802e-09     1.15921e-09     9.41194e-10     7.65131e-10     6.21675e-10     5.05292e-10     4.11136e-10     3.34253e-10     2.71483e-10     2.20401e-10     1.78913e-10     1.30799e-10     8.53385e-11     5.54657e-11     3.53489e-11     2.16014e-11     1.27172e-11     7.57849e-12     3.98342e-12     1.38034e-12 
    4.42845e-08     5.75236e-08     7.11361e-08     8.48166e-08     9.78199e-08     1.08889e-07     1.18460e-07     1.24394e-07     1.28861e-07     1.28208e-07     1.26512e-07     1.20993e-07     1.14382e-07     1.06247e-07     9.64251e-08     8.74675e-08     7.68374e-08     6.74512e-08     5.84552e-08     5.00628e-08     4.27629e-08     3.59690e-08     3.01384e-08     2.50839e-08     2.08254e-08     1.72445e-08     1.42028e-08     1.16538e-08     9.48130e-09     7.72193e-09     6.29217e-09     5.11063e-09     4.14499e-09     3.35470e-09     2.71954e-09     2.20740e-09     1.79339e-09     1.45774e-09     1.18333e-09     9.60585e-10     7.79933e-10     6.34040e-10     5.15165e-10     4.18724e-10     3.40700e-10     2.76990e-10     2.24974e-10     1.82644e-10     1.48264e-10     1.08392e-10     7.07202e-11     4.59648e-11     2.92940e-11     1.79014e-11     1.05390e-11     6.28046e-12     3.30117e-12     1.14393e-12 
    3.60451e-08     4.68340e-08     5.79393e-08     6.91150e-08     7.97562e-08     8.88388e-08     9.67148e-08     1.01637e-07     1.05368e-07     1.04917e-07     1.03608e-07     9.91597e-08     9.38060e-08     8.71887e-08     7.91730e-08     7.18569e-08     6.31503e-08     5.54581e-08     4.80779e-08     4.11871e-08     3.51907e-08     2.96060e-08     2.48115e-08     2.06539e-08     1.71500e-08     1.42028e-08     1.16990e-08     9.60045e-09     7.81144e-09     6.36250e-09     5.18487e-09     4.21149e-09     3.41593e-09     2.76478e-09     2.24137e-09     1.81932e-09     1.47813e-09     1.20150e-09     9.75332e-10     7.91749e-10     6.42853e-10     5.22606e-10     4.24626e-10     3.45136e-10     2.80826e-10     2.28312e-10     1.85439e-10     1.50548e-10     1.22210e-10     8.93452e-11     5.82932e-11     3.78880e-11     2.41467e-11     1.47560e-11     8.68723e-12     5.17698e-12     2.72116e-12     9.42957e-13 
    2.92810e-08     3.80580e-08     4.71015e-08     5.62133e-08     6.49026e-08     7.23357e-08     7.87964e-08     8.28609e-08     8.59570e-08     8.56457e-08     8.46290e-08     8.10428e-08     7.67093e-08     7.13336e-08     6.48042e-08     5.88408e-08     5.17281e-08     4.54412e-08     3.94045e-08     3.37643e-08     2.88545e-08     2.42795e-08     2.03507e-08     1.69430e-08     1.40704e-08     1.16538e-08     9.60045e-09     7.87916e-09     6.41152e-09     5.22274e-09     4.25642e-09     3.45755e-09     2.80458e-09     2.27009e-09     1.84038e-09     1.49388e-09     1.21374e-09     9.86608e-10     8.00899e-10     6.50155e-10     5.27891e-10     4.29150e-10     3.48693e-10     2.83419e-10     2.30610e-10     1.87488e-10     1.52281e-10     1.23629e-10     1.00358e-10     7.33704e-11     4.78707e-11     3.11140e-11     1.98296e-11     1.21179e-11     7.13413e-12     4.25146e-12     2.23470e-12     7.74388e-13 
    2.37093e-08     3.08306e-08     3.81738e-08     4.55782e-08     5.26448e-08     5.86952e-08     6.39594e-08     6.72783e-08     6.98118e-08     6.95750e-08     6.87638e-08     6.58615e-08     6.23494e-08     5.79875e-08     5.26851e-08     4.78416e-08     4.20610e-08     3.69513e-08     3.20441e-08     2.74588e-08     2.34670e-08     1.97474e-08     1.65530e-08     1.37821e-08     1.14464e-08     9.48130e-09     7.81144e-09     6.41152e-09     5.21781e-09     4.25078e-09     3.46462e-09     2.81457e-09     2.28319e-09     1.84818e-09     1.49838e-09     1.21631e-09     9.88250e-10     8.03324e-10     6.52122e-10     5.29386e-10     4.29836e-10     3.49438e-10     2.83927e-10     2.30778e-10     1.87778e-10     1.52665e-10     1.23998e-10     1.00668e-10     8.17194e-11     5.97440e-11     3.89804e-11     2.53357e-11     1.61470e-11     9.86752e-12     5.80930e-12     3.46197e-12     1.81972e-12     6.30592e-13 
    1.92251e-08     2.50109e-08     3.09814e-08     3.70060e-08     4.27601e-08     4.76907e-08     5.19844e-08     5.46968e-08     5.67710e-08     5.65902e-08     5.59411e-08     5.35882e-08     5.07374e-08     4.71932e-08     4.28815e-08     3.89424e-08     3.42389e-08     3.00809e-08     2.60873e-08     2.23553e-08     1.91062e-08     1.60786e-08     1.34784e-08     1.12229e-08     9.32158e-09     7.72193e-09     6.36250e-09     5.22274e-09     4.25078e-09     3.46332e-09     2.82304e-09     2.29353e-09     1.86066e-09     1.50624e-09     1.22120e-09     9.91331e-10     8.05477e-10     6.54762e-10     5.31528e-10     4.31493e-10     3.50355e-10     2.84825e-10     2.31428e-10     1.88107e-10     1.53059e-10     1.24439e-10     1.01072e-10     8.20558e-11     6.66107e-11     4.86984e-11     3.17737e-11     2.06518e-11     1.31619e-11     8.04333e-12     4.73537e-12     2.82198e-12     1.48333e-12     5.14025e-13 
    1.56094e-08     2.03158e-08     2.51757e-08     3.00826e-08     3.47721e-08     3.87928e-08     4.22968e-08     4.45134e-08     4.62108e-08     4.60707e-08     4.55488e-08     4.36376e-08     4.13199e-08     3.84363e-08     3.49264e-08     3.17195e-08     2.78891e-08     2.45028e-08     2.12502e-08     1.82107e-08     1.55643e-08     1.30985e-08     1.09807e-08     9.14366e-09     7.59506e-09     6.29217e-09     5.18487e-09     4.25642e-09     3.46462e-09     2.82304e-09     2.30133e-09     1.86979e-09     1.51700e-09     1.22811e-09     9.95729e-10     8.08325e-10     6.56796e-10     5.33909e-10     4.33426e-10     3.51857e-10     2.85695e-10     2.32261e-10     1.88719e-10     1.53394e-10     1.24814e-10     1.01475e-10     8.24210e-11     6.69140e-11     5.43192e-11     3.97124e-11     2.59108e-11     1.68412e-11     1.07334e-11     6.55926e-12     3.86166e-12     2.30132e-12     1.20966e-12     4.19190e-13 
    1.26618e-08     1.64853e-08     2.04352e-08     2.44247e-08     2.82385e-08     3.15087e-08     3.43592e-08     3.61623e-08     3.75433e-08     3.74296e-08     3.70055e-08     3.54517e-08     3.35676e-08     3.12237e-08     2.83709e-08     2.57647e-08     2.26523e-08     1.99009e-08     1.72586e-08     1.47896e-08     1.26401e-08     1.06376e-08     8.91780e-09     7.42603e-09     6.16855e-09     5.11063e-09     4.21149e-09     3.45755e-09     2.81457e-09     2.29353e-09     1.86979e-09     1.51926e-09     1.23267e-09     9.97970e-10     8.09159e-10     6.56884e-10     5.33756e-10     4.33895e-10     3.52238e-10     2.85951e-10     2.32184e-10     1.88759e-10     1.53373e-10     1.24665e-10     1.01438e-10     8.24707e-11     6.69852e-11     5.43826e-11     4.41465e-11     3.22754e-11     2.10586e-11     1.36875e-11     8.72344e-12     5.33100e-12     3.13856e-12     1.87040e-12     9.83155e-13     3.40702e-13 
    1.02560e-08     1.33577e-08     1.65634e-08     1.98024e-08     2.28996e-08     2.55556e-08     2.78711e-08     2.93358e-08     3.04578e-08     3.03656e-08     3.00214e-08     2.87601e-08     2.72306e-08     2.53280e-08     2.30127e-08     2.08977e-08     1.83724e-08     1.61400e-08     1.39966e-08     1.19939e-08     1.02505e-08     8.62659e-09     7.23201e-09     6.02237e-09     5.00276e-09     4.14499e-09     3.41593e-09     2.80458e-09     2.28319e-09     1.86066e-09     1.51700e-09     1.23267e-09     1.00019e-09     8.09794e-10     6.56602e-10     5.33050e-10     4.33142e-10     3.52110e-10     2.85847e-10     2.32056e-10     1.88424e-10     1.53184e-10     1.24469e-10     1.01171e-10     8.23214e-11     6.69291e-11     5.43620e-11     4.41345e-11     3.58275e-11     2.61935e-11     1.70904e-11     1.11083e-11     7.07971e-12     4.32652e-12     2.54719e-12     1.51799e-12     7.97917e-13     2.76511e-13 
    8.29142e-09     1.08022e-08     1.33981e-08     1.60218e-08     1.85312e-08     2.06834e-08     2.25599e-08     2.37467e-08     2.46562e-08     2.45815e-08     2.43029e-08     2.32812e-08     2.20423e-08     2.05016e-08     1.86266e-08     1.69140e-08     1.48695e-08     1.30623e-08     1.13272e-08     9.70630e-09     8.29527e-09     6.98111e-09     5.85260e-09     4.87377e-09     4.04875e-09     3.35470e-09     2.76478e-09     2.27009e-09     1.84818e-09     1.50624e-09     1.22811e-09     9.97970e-10     8.09794e-10     6.55667e-10     5.31644e-10     4.31613e-10     3.50724e-10     2.85114e-10     2.31462e-10     1.87907e-10     1.52577e-10     1.24042e-10     1.00790e-10     8.19245e-11     6.66612e-11     5.41972e-11     4.40209e-11     3.57391e-11     2.90123e-11     2.12110e-11     1.38396e-11     8.99543e-12     5.73312e-12     3.50361e-12     2.06272e-12     1.22927e-12     6.46161e-13     2.23923e-13 
    6.71773e-09     8.75330e-09     1.08583e-08     1.29861e-08     1.50214e-08     1.67671e-08     1.82893e-08     1.92521e-08     1.99898e-08     1.99293e-08     1.97033e-08     1.88747e-08     1.78700e-08     1.66205e-08     1.51002e-08     1.37115e-08     1.20539e-08     1.05887e-08     9.18210e-09     7.86810e-09     6.72425e-09     5.65900e-09     4.74425e-09     3.95084e-09     3.28211e-09     2.71954e-09     2.24137e-09     1.84038e-09     1.49838e-09     1.22120e-09     9.95729e-10     8.09159e-10     6.56602e-10     5.31644e-10     4.31086e-10     3.49981e-10     2.84394e-10     2.31194e-10     1.87690e-10     1.52373e-10     1.23725e-10     1.00586e-10     8.17314e-11     6.64338e-11     5.40568e-11     4.39497e-11     3.56977e-11     2.89818e-11     2.35270e-11     1.72008e-11     1.12231e-11     7.29479e-12     4.64926e-12     2.84126e-12     1.67278e-12     9.96892e-13     5.24013e-13     1.81595e-13 
    5.44975e-09     7.10209e-09     8.81104e-09     1.05388e-08     1.21917e-08     1.36094e-08     1.48457e-08     1.56276e-08     1.62268e-08     1.61776e-08     1.59941e-08     1.53212e-08     1.45055e-08     1.34910e-08     1.22567e-08     1.11293e-08     9.78365e-09     8.59429e-09     7.45255e-09     6.38601e-09     5.45760e-09     4.59303e-09     3.85062e-09     3.20670e-09     2.66396e-09     2.20740e-09     1.81932e-09     1.49388e-09     1.21631e-09     9.91331e-10     8.08325e-10     6.56884e-10     5.33050e-10     4.31613e-10     3.49981e-10     2.84139e-10     2.30893e-10     1.87704e-10     1.52384e-10     1.23711e-10     1.00453e-10     8.16669e-11     6.63588e-11     5.39387e-11     4.38898e-11     3.56838e-11     2.89839e-11     2.35312e-11     1.91023e-11     1.39659e-11     9.11248e-12     5.92297e-12     3.77496e-12     2.30697e-12     1.35822e-12     8.09437e-13     4.25480e-13     1.47450e-13 
    4.42549e-09     5.76793e-09     7.15659e-09     8.56072e-09     9.90411e-09     1.10564e-08     1.20614e-08     1.26969e-08     1.31839e-08     1.31440e-08     1.29949e-08     1.24481e-08     1.17851e-08     1.09608e-08     9.95781e-09     9.04172e-09     7.94841e-09     6.98207e-09     6.05447e-09     5.18800e-09     4.43374e-09     3.73139e-09     3.12828e-09     2.60518e-09     2.16428e-09     1.79339e-09     1.47813e-09     1.21374e-09     9.88250e-10     8.05477e-10     6.56796e-10     5.33756e-10     4.33142e-10     3.50724e-10     2.84394e-10     2.30893e-10     1.87628e-10     1.52532e-10     1.23832e-10     1.00532e-10     8.16318e-11     6.63661e-11     5.39263e-11     4.38334e-11     3.56673e-11     2.89987e-11     2.35541e-11     1.91230e-11     1.55238e-11     1.13497e-11     7.40550e-12     4.81348e-12     3.06785e-12     1.87484e-12     1.10382e-12     6.57825e-13     3.45787e-13     1.19833e-13 
    3.59583e-09     4.68690e-09     5.81563e-09     6.95703e-09     8.04915e-09     8.98598e-09     9.80302e-09     1.03198e-08     1.07158e-08     1.06834e-08     1.05622e-08     1.01178e-08     9.57897e-09     8.90891e-09     8.09368e-09     7.34907e-09     6.46043e-09     5.67499e-09     4.92105e-09     4.21680e-09     3.60376e-09     3.03290e-09     2.54271e-09     2.11755e-09     1.75920e-09     1.45774e-09     1.20150e-09     9.86608e-10     8.03324e-10     6.54762e-10     5.33909e-10     4.33895e-10     3.52110e-10     2.85114e-10     2.31194e-10     1.87704e-10     1.52532e-10     1.24002e-10     1.00671e-10     8.17292e-11     6.63643e-11     5.39540e-11     4.38410e-11     3.56358e-11     2.89970e-11     2.35756e-11     1.91493e-11     1.55469e-11     1.26208e-11     9.22731e-12     6.02071e-12     3.91340e-12     2.49420e-12     1.52428e-12     8.97425e-13     5.34827e-13     2.81134e-13     9.74282e-14 
    2.91790e-09     3.80343e-09     4.71959e-09     5.64611e-09     6.53268e-09     7.29323e-09     7.95656e-09     8.37612e-09     8.69771e-09     8.67148e-09     8.57321e-09     8.21251e-09     7.77516e-09     7.23130e-09     6.56960e-09     5.96521e-09     5.24393e-09     4.60641e-09     3.99445e-09     3.42282e-09     2.92523e-09     2.46188e-09     2.06399e-09     1.71889e-09     1.42802e-09     1.18333e-09     9.75332e-10     8.00899e-10     6.52122e-10     5.31528e-10     4.33426e-10     3.52238e-10     2.85847e-10     2.31462e-10     1.87690e-10     1.52384e-10     1.23832e-10     1.00671e-10     8.17295e-11     6.63523e-11     5.38784e-11     4.38033e-11     3.55930e-11     2.89316e-11     2.35419e-11     1.91405e-11     1.55469e-11     1.26222e-11     1.02467e-11     7.49155e-12     4.88817e-12     3.17728e-12     2.02504e-12     1.23757e-12     7.28626e-13     4.34232e-13     2.28257e-13     7.91039e-14 
    2.36787e-09     3.08658e-09     3.83020e-09     4.58228e-09     5.30196e-09     5.91938e-09     6.45791e-09     6.79856e-09     7.05969e-09     7.03847e-09     6.95877e-09     6.66603e-09     6.31107e-09     5.86965e-09     5.33257e-09     4.84200e-09     4.25656e-09     3.73909e-09     3.24238e-09     2.77840e-09     2.37450e-09     1.99840e-09     1.67544e-09     1.39531e-09     1.15921e-09     9.60585e-10     7.91749e-10     6.50155e-10     5.29386e-10     4.31493e-10     3.51857e-10     2.85951e-10     2.32056e-10     1.87907e-10     1.52373e-10     1.23711e-10     1.00532e-10     8.17292e-11     6.63523e-11     5.38686e-11     4.37418e-11     3.55623e-11     2.88969e-11     2.34888e-11     1.91131e-11     1.55398e-11     1.26222e-11     1.02478e-11     8.31913e-12     6.08231e-12     3.96867e-12     2.57962e-12     1.64413e-12     1.00479e-12     5.91577e-13     3.52558e-13     1.85325e-13     6.42260e-14 
    1.92199e-09     2.50542e-09     3.10911e-09     3.71969e-09     4.30400e-09     4.80532e-09     5.24260e-09     5.51923e-09     5.73130e-09     5.71413e-09     5.64947e-09     5.41185e-09     5.12370e-09     4.76536e-09     4.32935e-09     3.93110e-09     3.45581e-09     3.03572e-09     2.63246e-09     2.25577e-09     1.92787e-09     1.62252e-09     1.36031e-09     1.13289e-09     9.41194e-10     7.79933e-10     6.42853e-10     5.27891e-10     4.29836e-10     3.50355e-10     2.85695e-10     2.32184e-10     1.88424e-10     1.52577e-10     1.23725e-10     1.00453e-10     8.16318e-11     6.63643e-11     5.38784e-11     4.37418e-11     3.55189e-11     2.88772e-11     2.34648e-11     1.90734e-11     1.55203e-11     1.26187e-11     1.02497e-11     8.32155e-12     6.75543e-12     4.93908e-12     3.22273e-12     2.09478e-12     1.33512e-12     8.15941e-13     4.80395e-13     2.86298e-13     1.50496e-13     5.21559e-14 
    1.56205e-09     2.03625e-09     2.52694e-09     3.02326e-09     3.49824e-09     3.90577e-09     4.26126e-09     4.48617e-09     4.65861e-09     4.64470e-09     4.59218e-09     4.39907e-09     4.16488e-09     3.87362e-09     3.51923e-09     3.19552e-09     2.80919e-09     2.46772e-09     2.13993e-09     1.83373e-09     1.56719e-09     1.31898e-09     1.10583e-09     9.20959e-10     7.65131e-10     6.34040e-10     5.22606e-10     4.29150e-10     3.49438e-10     2.84825e-10     2.32261e-10     1.88759e-10     1.53184e-10     1.24042e-10     1.00586e-10     8.16669e-11     6.63661e-11     5.39540e-11     4.38033e-11     3.55623e-11     2.88772e-11     2.34775e-11     1.90773e-11     1.55071e-11     1.26184e-11     1.02593e-11     8.33324e-12     6.76566e-12     5.49237e-12     4.01563e-12     2.62020e-12     1.70314e-12     1.08551e-12     6.63398e-13     3.90585e-13     2.32775e-13     1.22362e-13     4.24059e-14 
    1.26887e-09     1.65409e-09     2.05271e-09     2.45592e-09     2.84182e-09     3.17293e-09     3.46178e-09     3.64454e-09     3.78468e-09     3.77341e-09     3.73078e-09     3.57392e-09     3.38369e-09     3.14708e-09     2.85918e-09     2.59621e-09     2.28235e-09     2.00493e-09     1.73863e-09     1.48987e-09     1.27332e-09     1.07166e-09     8.98487e-10     7.48282e-10     6.21675e-10     5.15165e-10     4.24626e-10     3.48693e-10     2.83927e-10     2.31428e-10     1.88719e-10     1.53373e-10     1.24469e-10     1.00790e-10     8.17314e-11     6.63588e-11     5.39263e-11     4.38410e-11     3.55930e-11     2.88969e-11     2.34648e-11     1.90773e-11     1.55018e-11     1.26007e-11     1.02535e-11     8.33660e-12     6.77150e-12     5.49772e-12     4.46307e-12     3.26309e-12     2.12918e-12     1.38397e-12     8.82092e-13     5.39083e-13     3.17394e-13     1.89157e-13     9.94331e-14     3.44600e-14 
